00000000001000000000100000000000
00000000110011111111010000000000
00000001101111111111101000000000
00000010011110000001111100000000
00000101111001111110110100000000
00001011110110000011111010000000
00011111111010000001011010000000
00010111111110000001111101000000
00010111110100000001011101000000
00001011111100000000101101000000
00000101110100000000101101000000
00000111110100000000101110100000
00000101110100000000101110100000
00000101110100000000101110100000
00000000110100000000101110100000
00000010110100000000101110100000
00000010110100000000010110100000
00000010111010000000010110100000
00000010111010000000010110100000
00000010111010000000010110100000
00000001011010000000010111100000
00000001011101000000010110000000
00000001011101000000010111010000
00000001011101000000010111010000
00000000101111100000010111010000
00000000101110100000010111010000
00000000010111011000011111010000
00000000011111100111110111010000
00000000001011111000001110100000
00000000000101111111111110100000
00000000000010011111111101000000
00000000000001100111110010000000
