00000000000000000100111101000000
00000000000000001011111111100000
00000000000000010111111110100000
00000000000001101111000111010000
00000000000010011110111011010000
00000000000101111011001111101000
00000000001111111110001011101000
00000000001011110100001011101000
00000000010111101000001011101000
00000000011111111000001011101000
00000000101111010000001011101000
00000000101111111000001011010000
00000001011111111000001111010000
00000001111100000000010111010000
00000001011011000000011111010000
00000010111110000000010110100000
00000010111010000000101110100000
00000010110100000001111101000000
00000011110100000001011101000000
00000101110100000010111010000000
00000101110100000111110110000000
00000101110100000101110100000000
00000101101000001011101000000000
00000101101000011111011000000000
00000101101000110111110000000000
00000101101001101110100000000000
00000101101011011101000000000000
00000101111100111010000000000000
00000101100011110100000000000000
00000101111111101000000000000000
00000111111111010000000000000000
00000010111100100000000000000000
