00000000000010001111110011000000
00000000001101111111111100100000
00000000010011111100111111110000
00000000101111100011000111010000
00000001011110111100111001101000
00000011111111100000000111111000
00000010111101000000000101101000
00000010111010000000000101111000
00000010111110000000000101111000
00000011110100000000000101101000
00000101111100000000000101101000
00000111110100000000000111101000
00000011101000000000001111101000
00001011111000000000001011101000
00001011101000000000001011111000
00001011100000000000001011010000
00001111110000000000010111010000
00010111110000000000010111010000
00010111010000000000011110100000
00010111010000000000101110100000
00010111010000000000101101000000
00010111010000000001011101000000
00010111010000000011111010000000
00010111010000000010111110000000
00010111010000000111110100000000
00010111010000000101111100000000
00010111010000001011101000000000
00010111110000010111010000000000
00001011011111101110100000000000
00001011100000011101100000000000
00000101111111111011000000000000
00000010111111110100000000000000
