00000000000011000000000100000000
00000000000100011111111010000000
00000000001011111111111111000000
00000000010111111001111101000000
00000000101111100000001110100000
00000001011111111000110111010000
00000001111111101000011111010000
00000010111110000000010111010000
00000011111101100000010111010000
00000101111010000000010111010000
00000101110100000000010111010000
00000101111100000000010111010000
00000101101100000000010111010000
00001011101000000000010110100000
00001011101000000000010110100000
00001011101000000000101110100000
00001011010000000000111110100000
00011111010000000000101101000000
00010111010000000001011101000000
00010111010000000001011111000000
00010111010000000011111010000000
00010111010000000010111010000000
00010111010000000111110100000000
00010111010000000101111100000000
00010111010000001011101000000000
00010111110000010111010000000000
00001011101011101111110000000000
00001111101100011110100000000000
00000101110011111101000000000000
00000011111111111010000000000000
00000011111111100100000000000000
00000000001100011000000000000000
