00000000000110000000001110000000
00000000001001111111110001100000
00000000100111111111111110010000
00000001011111111111111111101000
00000010111111100001111111111100
00000111111110011110000111110100
00000101111101100001111001111110
00000101111010000000000111111110
00001011111100000000000010111101
00001111110100000000000011111101
00001011111100000000000010111101
00010111101000000000000010111101
00010111101000000000000010111101
00010111110000000000000010111101
00010111010000000000000010111110
00101111010000000000000101111010
00101111010000000000000111111010
00101111010000000000000101111010
00101111010000000000001011110100
00101111010000000000001111111100
00101111010000000000010111101000
00101111010000000000111111010000
00101111010000000000101111010000
00101111010000000001111111110000
00101111111000000011011111100000
00010111101000111100111101000000
00010111110111000011111010000000
00001011111000111111111110000000
00001111111111111111101100000000
00000101111111111111010000000000
00000010011111111000100000000000
00000001100000000111000000000000
