00000000101110000000000000000100
00000011011111111111111111110010
00000000111111111111111111111101
00001111111111110000000000111110
00001111111111000111111110001111
00000101111000110000000000110111
00000101110111000000000000011111
00001011111000000000000000010111
00001011101000000000000000010111
00001011101000000000000000010111
00001111010000000000000000011111
00010111110000000000000000010111
00010111010000000000000000101111
00010111010000000000000000111110
00010111010000000000000000101110
00101111010000000000000001011110
00101111110000000000000001111111
00101111110000000000000001011101
00101111100000000000000011111001
00101111100000000000000010111110
00101111110000000000000111111010
00101111010000000000000101110100
00101111010000000000001111111100
00010111010000000000001011101000
00010111110000000000011111111000
00010111111000000000010111010000
00001011101000000000101110100000
00001111110110000111011111100000
00000101111001111000111101000000
00000111111110000111111010000000
00000000011111111111100100000000
00000001100111111110001000000000
