00000000000000000001111001110000
00000000000000001100000110001000
00000000000000010001111111110100
00000000000001101111111111111110
00000000000110111111111111111111
00000000000001111110000000111001
00000000011111111001111111011101
00000000010111110110000001111101
00000000101111101000000001111101
00000001111111010000000001011101
00000001011110100000000001011101
00000010111101000000000001011101
00000011111101000000000001111101
00000101111010000000000001011101
00000101110100000000000011111010
00000011111100000000000010111010
00001011111100000000000010111010
00001011101000000000000111110100
00001011111000000000000101110100
00000111111000000000001111101000
00010111010000000000001011111000
00010111110000000000010111010000
00010111110000000000101111110000
00010111010000000001001110100000
00010111110000000011111101000000
00010111101000001101111010000000
00001011111100110011111110000000
00001111110111001111110100000000
00001111111100111111011000000000
00000111111111111110110000000000
00000010111111111001000000000000
00000001001111100110000000000000
