00000000000001111011000000000000
00000000000110000100110000000000
00000000001001111111001000000000
00000000010111111111110100000000
00000000101111111111111010000000
00000001011110000001111111000000
00000011111111111011011101000000
00000010111111000001101111100000
00000010111101000000111110100000
00000010111010000000010111110000
00000010111010000000010111010000
00000010111010000000010111010000
00000011110100000000010111010000
00000101110100000000010111010000
00000101110100000000010111010000
00000101110100000000010111010000
00000101110100000000010111010000
00000101100100000000010110100000
00000101110100000000111110100000
00000101110100000000111110100000
00000101100100000000101101000000
00000101110100000001111101000000
00000101110100000001011110000000
00000101100100000010111010000000
00000101110100000101110100000000
00000101111100001111111100000000
00000101110100110011101000000000
00000010111010001111010000000000
00000010111100111110100000000000
00000001111111111101000000000000
00000001101111111010000000000000
00000000010111000100000000000000
