00000000001101100000100000000000
00000000010011111111000000000000
00000000101111111111111000000000
00000001011111111111110100000000
00000010111111000001111100000000
00000111111110111110111010000000
00000101111101000001111010000000
00001111111111000001011110000000
00001011111010000001011101000000
00000000111110000001011101000000
00000011111010000001011101000000
00000010111100000001011101000000
00000101110100000001011101000000
00000101110100000001011101000000
00000101110100000001011101000000
00000101110100000001011101000000
00000101100000000001011110000000
00000101110100000001111010000000
00001111110100000010111010000000
00001011101000000011111010000000
00001011111000000010110100000000
00001011101000000111111100000000
00001011101000000101110100000000
00001011111000001111101000000000
00001011101000001011111000000000
00001111111100011111010000000000
00000101111100110111110000000000
00000101110111001110100000000000
00000011111000111111100000000000
00000010111111111101000000000000
00000001011111110010000000000000
00000000101111101100000000000000
