00000000001110000001100000000000
00000000110001111110010000000000
00000001001111111111111000000000
00000010111111101111111000000000
00000101111101000001110100000000
00001011110111011110111110000000
00010111000111110011111010000000
00011110101110100001011010000000
00101101111111000001111110000000
00101111011101000001011111000000
00000010111011000001011011000000
00001110111110000001011011000000
00000011111010000001111010000000
00000101110100000001011010000000
00000101111100000010111010000000
00000101110100000010111010000000
00000101111100000010110100000000
00000001101000000010110100000000
00001011101000000101110100000000
00001011101000000111111100000000
00001011101000000101101000000000
00001011101000001011101000000000
00001011101000001011110000000000
00001011101000011111010000000000
00001011101000010111110000000000
00000011111000101110100000000000
00000101111101111111100000000000
00000101110110011101000000000000
00000101111001111010000000000000
00000011111111110100000000000000
00000001011111101000000000000000
00000000101110010000000000000000
