00000000000000000000000000000000
00000000000000000000000000000000
00000000000000000001111100000000
00000000000000000110000010000000
00000000000111101001111101100000
00000000001000000111111110000000
00000000010111111111111111111000
00000000101111111110000011101000
00000001111111111101011111111100
00000001011111111010000101110100
00000011111101111100000111110100
00000010111111101000000101110100
00000011111011111000000101110100
00000101111110000000000111110100
00000111111111100000000101110100
00000101110100000000001011111100
00001111111100000000001011101000
00001011111100000000001011010000
00001011101000000000001111110000
00001011111000000000010111110000
00001011101000000000111110100000
00001011111000000000111111100000
00001011101000000001001111100000
00001011111100000011111101000000
00001011110100000010111010000000
00001111111100000111110100000000
00000101111010000101101000000000
00000111111100000000010000000000
00000010111111110001100000000000
00000001001111010000000000000000
00000000100000000000000000000000
00000000001111000000000000000000
