00000000000000000000000000000000
00000000000000000000000000000000
00000000000000000000000000000000
00000000000000000000001111110000
00000000000000000000000000001000
00000000000000000001101111110010
00000000000000000001101111111111
00000000000000000000000001111101
00000000000111110000000110011101
00000000000000000000000011111101
00000000011111110010000010011101
00000001001111110010000000000000
00000011111111110010000000000000
00000000111111110010000000000000
00011111111100000000000000000000
00110011111011110000000000000000
01001111110110000000000000000000
01111111111110000000000000000000
10111111001000000000000000000000
10111111111000000000000000000000
10111110110000000000000000000000
11111111000000000000000000000000
01111001000000000000000000000000
01111111000000000000000000000000
01111011000000000000000000000000
01111100110000000000000000000000
01111111111000000000000000000000
11111111111000000000000000000000
10011100100000000000000000000000
01100011000000000000000000000000
00011100000000000000000000000000
00000000000000000000000000000000
