00000000000000000000000000000000
00000000000000000000000000000000
00000000000000000000000000000000
00000000000000000000000000000000
00000000000000000000000000000000
00000000000000000000000110000000
00000000000000000000000000000000
00000000000000000000010111100000
00000000000000000000001111111000
00000001100000000000000101101000
00000010000000000000000111101000
00000101101000000000000000000000
00001111101000000000000001100000
00001011101000000000000001100000
00001011101110000000000000000000
00001011100000000000000101101000
00001011111110000000000101101000
00001111111110100000000111101000
00000101111110100000000000000000
00000111111111100000001111110000
00000101111110100000001011010000
00000111111111110000011111010000
00000010111111010000010111110000
00000011111111010000111110100000
00000000101111111000101101000000
00000000111111100111100000000000
00000000010111111000001100000000
00000000001011111111101000000000
00000000000110111111111000000000
00000000000011011110010000000000
00000000000001100001100000000000
00000000000000011111000000000000
