00000000000000000000000000000000
00000000000000000000001111000000
00000000000000000000000000100000
00000000000000000000101110010000
00000000111000000000111111100100
00000011000000000000010011111110
00000100111001000000001101111010
00001011111001000000000010000000
00101111111001000000000001110000
00100111111001000000000000000000
00100111110100000000000000000000
00100111110100000000000000000000
00100111110100000000000000000000
00100111110100000000000000000000
00100111110100000000000000000000
00100111110100000000000000000000
00100111111000000000000000000000
00100111101000000000000000000000
00100111111000000000000000000000
00001111101000000000000000000000
00001011111100000000000000000000
00001011111100000011100000000000
00001011110100000100000000000000
00001011111111001011101000000000
00001111111001100111111000000000
00000101111110011110010000000000
00000111111111111001100000000000
00000010011111110110000000000000
00000000100110010000000000000000
00000000010000100000000000000000
00000000001111000000000000000000
00000000000000000000000000000000
