00000000000000000000000000000000
00000000000000101111110010000000
00000000000101111111111110100000
00000000000101110101011110100000
00000000001011101000101111001000
00000000110110010000010011110100
00000001001110010000000101110100
00000010111110010000000101110100
00000101111101100000000101110100
00000101111101100000000010111010
00010011111101100000000010111010
00010011111101100000000010111010
00010011111101100000000010111010
00101111111101100000000010111010
00101111111101100000000000000000
01011111111101100000000000000000
01011111111101100000000010111010
01011111111101100000000000000000
01011110111101100000000000000000
01011100111101100000000101110100
01011100111101100000000101110100
01011101001110010000010011110100
01011101001110010000010011110100
01011101001110010000101111001000
00000001001111101000101111001000
00000000110111101001011110100000
00000000110111110101011110100000
00000000001011111110111101000000
00000000000101111111110010000000
00000000000010011111101100000000
00000000000000000000000000000000
00000000000000000000000000000000
