00000000000010011111111000011000
00000000001001111111111111100100
00000000110111110000000111111010
00000001001111001111111000111101
00000010111100100000000111001110
00000101110010000000000000010111
00001011101000000000000000001011
00011111010000000000000000000101
00011110100000000000000000000010
00111101000000000000000000000001
00101111000000000000000000000000
01011010000000000000000000000000
01011110000000000000000000000000
01111100000000000000000000000000
00110100000000000000000000000000
10111100000000000000000000000000
10110100000000000000000000000000
10110100000000000000000000000000
10110100000000000000000000000000
10110100000000000000000000000000
00110100000000000000000000000000
00110100000000000000000000000000
00110100000000000000000000000000
01011010000000000000000000000000
01111111000000000000000000000001
00101101100000000000000000000100
00010110010000000000000000001011
00001011101110000000000000010111
00000101110000111110000001101110
00000010111110000000000000011101
00000001001111111110000111110010
00000000110001111111111111101100
