00000000000011001110010000000000
00000000000100111111100100000000
00000000001011111001110110000000
00000000010111000000011010000000
00000000001110111101101100000000
00000000111001000000111100000000
00000001011110000000000100000000
00000010110100000000101101000000
00000011111100000000001100000000
00000010110100000000000110000000
00000001101000000000010110100000
00000101111000000000010110100000
00000101101000000000010110100000
00000101100000000000010110100000
00000101100000000000010110100000
00000101100000000000010110100000
00000101100000000000000010000000
00000101101000000000000110100000
00000101101000000000000110100000
00000101111000000000010110100000
00000001100000000000011110100000
00000010110100000000010110100000
00000010111100000000101111000000
00000010110100000000111101000000
00000001011110000000101100000000
00000001111010000001111110000000
00000000101101000001011100000000
00000000111110111110110100000000
00000000010111000001111100000000
00000000001011111111101000000000
00000000000100111110010000000000
00000000000011000001100000000000
