00000000000011111111110000000000
00000000011100000000001100000000
00000000100011111111110011100000
00000011011111111111111100011000
00000100111111111111111111100100
00001111111111111111111111111110
00001011111111111111111111111010
00101111111111100000011111111111
00100111111111011111100001111101
00100111111110100000011110111101
00111111111111000000000001011101
01011111111001000000000001011101
01011111111001000000000001011101
01011111111001000000000001111101
01011111111101000000000001011101
01011111110100000000000011111111
01011111111100000000000011111010
01011111110100000000000010111110
01011111110100000000001011111010
01111111110100000000001001111110
00100111110100000000010111100100
00101111110100000000011111110100
00100111110100000000101111010000
00100111110100000011011110100000
00100111111100000100111111100000
00100111110111111011111001000000
00101111111000000111110110000000
00001011111111111111111100000000
00001111111111111111001000000000
00000100111111111110110000000000
00000011001111110001000000000000
00000000110000001110000000000000
