00000000011011111000100000000000
00000000100111111111010000000000
00000001111100000111101000000000
00000001111011111001110100000000
00000010110100000010111100000000
00000011111000000001011010000000
00000101101000000000101101000000
00000111111000000000111111000000
00001011010000000000010110100000
00001111110000000000011110100000
00010110100000000000010110100000
00010111100000000000010110100000
00010110100000000000010110100000
00011110000000000000010110100000
00001100000000000000010110100000
00001110000000000000010110100000
00001110000000000000000110100000
00001110000000000000010110100000
00001110000000000000010110100000
00001100000000000000010110100000
00011110100000000000010110100000
00010110100000000000010110100000
00010110100000000000010110100000
00010110100000000000011110000000
00001011010000000000101101000000
00001011010000000000101101000000
00000111101000000000111110000000
00000101101100000001011010000000
00000010110011000011111110000000
00000001011100011100110100000000
00000000101111000011101000000000
00000000010011111111010000000000
