00000000010011111111000110000000
00000001101111111111110001000000
00000000111110000000111110100000
00000101110001111110001111010000
00000011101100000000110011101000
00001111010000000000000101111100
00010110100000000000000010110100
00101100000000000000000001011010
01111110000000000000000001111110
01011010000000000000000000101100
10110100000000000000000000111101
00111000000000000000000000101101
01101000000000000000000000101101
01101000000000000000000000101101
01101000000000000000000000101101
01100000000000000000000000000100
01100000000000000000000000101101
01100000000000000000000000111101
01100000000000000000000000101101
01101000000000000000000000111110
01111000000000000000000001011010
01100000000000000000000001011000
10111100000000000000000010110100
10110100000000000000000011110100
01111110000000000000000101101000
01011010000000000000001101111000
00101101000000000000010111010000
00111110110000000000101110100000
00010111001100000110011101000000
00001001110000111001111010000000
00000110111111000111100100000000
00000001001111111110001000000000
