00000000000000011100010000000000
00000000010011111111001000000000
00000000101111100111110100000000
00000001011100011000111010000000
00000010111011100011011101000000
00000111110100000000101110100000
00000101101000000000010111110000
00001011010000000000001011110000
00001011110000000000000101101000
00010110100000000000000010110100
00011111100000000000000011110100
00101101000000000000000000111110
00101101000000000000000001111010
00111100000000000000000001011010
01011110000000000000000001011010
01011010000000000000000001011010
01011010000000000000000001111010
01011010000000000000000000111100
01011010000000000000000000110100
01011010000000000000000010110100
01011110000000000000000010110100
01011100000000000000000011101000
01111100000000000000000111111000
00101111000000000000000101101000
00101101000000000000001111010000
00010110100000000000001011110000
00011111110000000000010110100000
00001011001100000000101111000000
00000101110011100110011101000000
00000010111100000001111010000000
00000001011111111111110100000000
00000000100011111111001000000000
