00000000000000000000000000000000
00000000000111111111110000000000
00000001111111111111001000000000
00000000011000000001110100000000
00000011110111111111111110000000
00000101111000000001011010000000
00000101101000000000101101000000
00000111110000000000011111000000
00001011010000000000010110100000
00001011010000000000010110100000
00001011010000000000000111010000
00000110100000000000001011010000
00000111100000000000001011010000
00000110100000000000001011010000
00010110100000000000001011010000
00010110100000000000001011010000
00010110100000000000001011010000
00010110100000000000001011010000
00010110100000000000001011010000
00010110100000000000001111010000
00010110100000000000001011010000
00010111100000000000000111100000
00000110100000000000010110100000
00001011010000000000011111000000
00001011010000000000101101000000
00001011110000000000111110000000
00000111101000000001011010000000
00000101101100000010110100000000
00000010110011111110111100000000
00000011111100000001101000000000
00000000001111111111010000000000
00000000110011111110100000000000
