00000000000001101100011000000000
00000000000100011111100000000000
00000000001011111111111110000000
00000000010111100000011010000000
00000000101110001111100000100000
00000001011101100000011011010000
00000010111010000000000111101000
00000011110100000000000101111000
00000101101000000000000010110100
00001111010000000000000001110100
00001111110000000000000001111010
00000011000000000000000001011010
00000110100000000000000000001010
00010110100000000000000000111101
00010110100000000000000000101101
00010110100000000000000000101101
00010110100000000000000000101101
00010110100000000000000000101101
00010110100000000000000000101100
00010111100000000000000000011010
00000110100000000000000001111110
00001011010000000000000001011010
00001111010000000000000010111100
00000101101000000000000011110100
00000111101000000000000101101000
00000010110100000000000111111000
00000001011011000000001011110000
00000000111100100000010111010000
00000000010111011111001110100000
00000000001011100000111101000000
00000000000101111111111010000000
00000000000010011111100100000000
