00000000000001100000010000000000
00000000000010011111101000000000
00000000001101111111110000000000
00000000010011100000111110000000
00000000101110011111001101000000
00000001111101100000110111100000
00000001011010000000010110100000
00000010110100000000001011010000
00000011111100000000001111010000
00000101101000000000000111100000
00000101111000000000000101101000
00001111100000000000000111101000
00001011010000000000000101101000
00001011010000000000000101101000
00001011010000000000000101101000
00001011010000000000000101101000
00000011010000000000000101101000
00000111010000000000000101101000
00000110100000000000000101101000
00000110100000000000000101101000
00000111110000000000000101101000
00001011010000000000000111101000
00001011010000000000001011010000
00001011110000000000001111110000
00001011010000000000011111100000
00000111101000000000010110100000
00000011100100000001111111000000
00000010111010000011011000000000
00000001011100011000111110000000
00000000101111100111111100000000
00000000010111111111111000000000
00000000001000111100000000000000
