00000000000010111111001000000000
00000000000101110011110100000000
00000000001011001100111010000000
00000000011111110011011101000000
00000000010110100000101110100000
00000000011111000000010111100000
00000000001101000000001111010000
00000000111010000000001011010000
00000001011110000000001011110000
00000001011010000000000101100000
00000001011010000000000101101000
00000001011000000000000101101000
00000001010000000000000101101000
00000001011000000000000001101000
00000001011000000000000011110100
00000000110100000000000001101000
00000010110100000000000001101000
00000010110100000000000001101000
00000010110100000000000001101000
00000010110100000000000101101000
00000010110100000000000101101000
00000010110100000000000101101000
00000010110100000000000101100000
00000010111100000000000111100000
00000001011000000000000111010000
00000001011000000000001011010000
00000001011010000000011111100000
00000001111010000000010110100000
00000000101101110011001111000000
00000000010110001000111111000000
00000000011111110011111010000000
00000000001001111111100100000000
