00000000000001011111100100000000
00000000000010111111111010000000
00000000000101110000011101000000
00000000001011101111101110100000
00000000011111010000010111110000
00000000010110100000001011110000
00000000101101000000000101101000
00000001111110000000000111101000
00000001011010000000000010110100
00000011111110000000000011110100
00000010110100000000000000111100
00000010111100000000000001111000
00000010110100000000000001011000
00000010110100000000000001011000
00000010110100000000000001011000
00000011110100000000000001011000
00000011110100000000000000111000
00000010110100000000000000110100
00000010110100000000000010110100
00000010110100000000000010110100
00000010111100000000000010110100
00000010110100000000000011110000
00000001111010000000000101101000
00000001011110000000000101101000
00000001011010000000000111100000
00000000111101000000001011010000
00000000101101000000001111100000
00000000011111000000010110100000
00000000010110110000101101000000
00000000001011001111011111000000
00000000000101110001111010000000
00000000000110111111110100000000
