00000000011000000001100000000000
00000001000111111110011100000000
00000010111111111111100010000000
00001101111111111111111101000000
00010011111110000011111110110000
00111111111001111100011111001000
00111111111111100011100111111100
00101111111110100000111111110100
01111111111110100000001011111110
01011111110000000000001111111010
01011111101110000000000101111010
01011111111100000000000111111110
01111111101100000000000101111010
00101111101100000000000101111111
00111111101100000000000101111101
00010011101100000000000101111110
00010111111100000000000101111010
00010011101100000000000111111010
00010011111100000000000101111010
00010011111010000000001111111110
00010111110110000000001111110100
00001101111001000000001011111100
00001111111111100000011111110100
00001111111110110001110111111100
00000010111111001110001111001000
00000011111111110001111111111000
00000000000111111111111110100000
00000000111011111111111101000000
00000000000101111111111111000000
00000000000010001111000000000000
00000000000001110000111100000000
00000000000000001111000000000000
