00000000000000000000000000000000
00000000000000000000000000000000
00000000000000000000000000000000
00000000010011111111001000000000
00000000101111111111111011000000
00000011011111111111111100100000
00000011011111111000111111100100
00000100111111110111001111100100
00000100111111101000110111111010
00001011111110010000001011111101
00100111111110010000001011111101
00100111111110010000000100111101
00100111111110010000000100111101
00100111111110010000000100111101
01011111111110010000000100111110
01011111111110010000000100111110
01011111111110010000000100111101
00100111111110010000001011111101
00100111111101000000001011111101
00100111110010000000001011111101
00100111110010000000001011111010
00100111110010000000110111111010
00001011110010000000110111111010
00001011111101000000110111100100
00001011111110010001001111100100
00000100111110010010111111010000
00000100111111110001111111010000
00000011011111111111111100100000
00000000101111111111111011000000
00000000000101111111110100000000
00000000000000000000000000000000
00000000000000000000000000000000
