00000000000000000111111000000000
00000000000001111000000111100000
00000000000010000111111000010000
00000000000101111111111111101000
00000000001011111111111111111100
00000000010111111101111111110100
00000000101111110010000011111110
00000011011111101111111111111010
00000100111110010000000000111111
00000011111101100000000011111101
00111111111010000000000010111101
01011111110100000000000010111101
01011111110100000000000010111101
01011111001000000000000010111101
01011111111000000000000010111101
01011111101000000000000010111101
01011111111000000000000011111101
01011111001000000000000010111101
01011111111100000000001011111101
01011111110100000000001001111111
01011111110100000000001001111010
01011111111110000000010111111110
01111111111010000000011011110100
00101111111101000000110111110100
00010011111110100001011111111100
00001110111111011110111111101000
00000111111111100001111111111000
00000010011111111111111110010000
00000000101111111111111101100000
00000000111111111111111011000000
00000000000011111111110100000000
00000000001100011100001000000000
