00000000000001001111110010000000
00000000000011111111111101100000
00000000011101111111111110110000
00000000100000111000111111101000
00000011011110000111001111110100
00000100111111111000110111111110
00001011111010000000001011111111
00011111110100000000000101111101
00111111111100000000000110111111
00111111111100000000000011111110
01011111110100000000000011111111
01111111111110000000000001011111
10111111111010000000000001111111
10111111111010000000000001011111
10111111110100000000000001011111
10111111110100000000000001011111
10111111110100000000000001111111
10111111111000000000000001011111
10111111101000000000000011111110
10111111111100000000000010111110
10111111110100000000000011111110
11111111111100000000000010111110
01011111110100000000000101111101
00101111111110000000001111111101
00111111111001000000011111111110
00010111111110111111110111111110
00001011111111000000001111110100
00000101111111111111111111101000
00000111111111111111111111010000
00000010011111111111111110100000
00000001101111111111111001000000
00000000010000000000000110000000
