00000000000000001110011111000000
00000000000000010001111111111110
00000000000000101111111011111010
00000000000110011111100110111111
00000000000000111100011011111101
00000000011111110011100010111101
00000000110111001100000011111101
00000001111110110000000001011101
00000010011111100000000001111101
00000111111000000000000001011101
00000001110100000000000001011101
00011111101000000000000001011101
00010111010000000000000001111101
00101110100000000000000001111101
01111111100000000000000001011101
01011111000000000000000001011101
01111101000000000000000001111101
10111110000000000000000001011111
11111010000000000000000010111010
10111010000000000000000111111110
11111110000000000000000111111100
01110100000000000000001101111100
11111110000000000000001011101000
10111010000000000000010111010000
11111110000000000000101110100000
10111010000000000011011101000000
11111111000000000100111111000000
01011110100000011011111110000000
00101111011111100111110100000000
00011111100000011111011000000000
00001011111111111110100000000000
00000100011111110001000000000000
