00000000000000010111111111010000
00000000000000101111111111101000
00000000000011011111000111110100
00000000000100111100111001111000
00000000001011111011000110111100
00000000000111100100000001011100
00000000011111001000000000101100
00000000001110100000000000011100
00000001111101000000000000001100
00000010111010000000000000011100
00000001110100000000000000001100
00000111111000000000000000111100
00001011100000000000000001011100
00000111010000000000000000111000
00001110100000000000000111111100
00011110000000000000000001110000
00001100000000000000101111111000
00111110000000000000010111100000
00011100000000000000101111110000
00111010000000000011111111000011
00111000000000000100111110000000
00111010000000000011111101000011
00111010000000001111111010000011
00111000000000011111110100000000
00111010000001101111101000000010
00111011110000011110011100011001
00111000000001111100100010000001
00011111111111111011111111111101
00111111111111100111011111111011
00001111111100011001111001111100
00010011111011100011110111000111
00001100000100000011111110111111
