00000000011011111111111111111111
00000001111111111111111111111111
00000001011111111111111111111111
00000010111111111111111111111111
00000010111110111101111111111111
00000011111100111101111111111111
00000010111001111111111111111111
00000111110110101110111111111111
00000101111110010001111111111111
00001111110000001111101111111111
00001011110111100101111111111111
00011111101110000101101111111111
00010111111011111000011111111111
00010111010101000010111111111111
00111111010010110111111111111111
00101111111000110101111111111111
00101111101000000010111111111111
00100111010000000011111111111111
00101111110110000001011111111111
00101111110110100111011111111111
00101110100000000001111111111111
00100111100010010111111111111011
00101111010000010111001111111111
00101111110000010111101111111111
00101111000000010111111111111111
00011111111101111111111111111111
00011111111000000101111111111111
00001011111111111011111111111111
00000111111101111111111111111111
00000011111111111111111111111111
00001111111111111111111111111111
00001100000011111101111111111111
