00000001000000000000111000000000
00000010111111111111000110000000
00001101111111111111111001100000
00000011111111111111111110010100
00011111110000000001111111100000
01111111001111111110010111111111
11011110110000000001101111111110
01111111100000000000010101111101
11111101000000000000101111111101
11111111000000000000101111111000
10111011010000000000111101111111
11111110000000000000000111111110
01111011000000000111111111111110
11111000100000000000111101111110
11111110010000010111001111111000
01111011111000010111111111111111
11111111111110011111111111111111
11111111000001100000010111111100
11111111111110011111111111111111
11111111111111111111111111111111
11111111111111111111111111111010
11111111111111111101111111111111
00111111011111111111111111111001
11111111111111110111111111111110
11111111111111111111111111111000
00011111111111111111111111111111
01111111111111111111111111111111
11111111111111111111111111110001
10000111111111111111111110001111
11111111111111111111111101111111
11111111111001111111111111111111
11110111111111100111111111011111
