00000000000110000010000000000000
00000000001001111101100000000000
00000000110111111110010000000000
00000001001111111111100000000000
00000011111111000011111110000000
00000010111111111101111010000000
00000010111000000011111110000000
00000010111111000011111101000000
00000010111101000001001111000000
00000010111101000001011110100000
00000010111101000001001110100000
00000010111101000001001110100000
00000010111101000000011110100000
00000010111101000000010110100000
00000010111101000000011110100000
00000010111101000000010110100000
00000010111101000000011110100000
00000010111101000000010110100000
00000010111101000000011110100000
00000010111101000001001110100000
00000010111101000001001110100000
00000011111101000001001110100000
00000001011111000001011110100000
00000001111001000011111111000000
00000001011111100010011101000000
00000001011111100111111110000000
00000001111110010101111010000000
00000000100111101111111110000000
00000000001011111111100100000000
00000000000101111111110000000000
00000000000010111111000000000000
00000000000001000000100000000000
