00001110000000000000111000000000
00010001111111111111000100000000
00101111111111111111111010000000
01111111000000000011111101000000
11111110111111111100011110100000
10111001000000000011001111010000
10111110000000000000011011111000
10111010000000000000001111101000
11111110000000000000001111100000
10110100000000000000000101100000
11111100000000000000000101100000
01110100000000000000000111100000
01110000000000000000001011100000
01100000000000000000001011101000
01100000000000000000001011101000
01110000000000000000001111111000
01100000000000000000001011010000
01110100000000000000010111110000
01110100000000000000111110100000
01110100000000000000111101000000
01110100000000000001111111000000
11111100000000000001011111000000
11110100000000000010111010000000
10111110000000000111110100000000
11111010000000001111111100000000
10111110000000011011101000000000
01111101000000110111111000000000
01011100111111011110000000000000
00111111000000111101100000000000
00101111111111111010000000000000
00010111111111110100000000000000
00001100011110001000000000000000
