00000000001000000110000110000000
00000000000000011111111000000000
00000000111100001011111111100000
00000000001100000101100110100000
00000010110100000111111011110000
00000001111100000101111101101000
00000111101000000000000010111100
00000100010000000001100011111100
00000011100000000000000001010000
00011110100000000000000001111010
00010110000000000000000001011010
00101101000000000000000001011010
00101101000000000000000001011010
00011010000000000000000001011010
00001100000000000000000001011010
01011010000000000000000001011010
01011000000000000000000001011010
00100000000000000000000001011010
10111100000000000000000001111000
10110100000000000000000001011000
10110100000000000000000010111100
10111100000000000000000011110100
10110100000000000000000101111100
01111100000000000000000111101000
01011010000000000000000101111000
00101101000000000000001011010000
00111110010000000000011111110000
00010111100110000000100110100000
00001101111001111111011101000000
00000000111110000000111011000000
00000001001111111111110100000000
00000000110011111111001000000000
