00000000010001111110001000000000
00000001001111111111100010000000
00000010111111000001111101000000
00000101111001111100111111100000
00011111100010000011001111010000
00010111101000000000110111111000
00101110010100000000001111111100
01011101111110000000000101110100
01111111101000000000000010111100
10111111010000000000000011111010
11111111110000000000000000011010
01111110100000000000000000111010
01101111100000000000000000111010
00011101000000000000000000011010
01101111000000000000000011111110
01011101000000000000000010110100
01011000000000000000000111111100
01011100000000000000000101110100
01011000000000000000001111111100
01011000000000000000001011101000
01011000000000000000011111110000
01011000000000000000011111110000
01111100000000000000010110100000
00101010000000000000101111100000
00111101000000000001011101000000
00101111000000000001111010000000
00100110100000000011111110000000
00011111011000000101111100000000
00011111100111111011111100000000
00001101111000000111101000000000
00000010111111111111010000000000
00000001011111111100100000000000
