00000000110001111111000011000000
00000001001111111111111100100000
00000100111110000000111110010000
00001011111001111011000111101000
00011111111111101000111001111100
00000111110100000000000010111010
01111111101001100000000001011111
01111011110000000000000000101101
10110110100000000000000000011111
10110101000000000000000000000110
10111111000000000000000000001111
00011101000000000000000000001101
00101101000000000000000000101111
01011010000000000000000000111101
01011010000000000000000000101101
01011010000000000000000001111101
01111110000000000000000001011110
10110100000000000000000011111010
10111100000000000000000011111100
10110100000000000000000000111100
10110100000000000000000111101000
10110100000000000000000101111000
10111100000000000000001011101000
10110100000000000000011111010000
10111110000000000000010111110000
01011110000000000000111110100000
01011101000000000001101101000000
00111100100000000011011111000000
00111111011111111100111010000000
00000011100000000011110100000000
00001101111111111111001000000000
00000010011111111110110000000000
