11111111111111111111111111111111
10001111111111111111111111111111
10110111111111111111111111111111
11111111111111111111111111111111
11000101001111111111111111111111
00111011111111111111111111111111
01111111111111111111111111111111
11000111111111111111111111111111
11111001111111111111111111111111
01110111111111111111011111111111
11111111111111111111111111111111
11101011111111111111111111111111
11011111111111111111111111111111
00110111111111111111111111111111
01010111111111111111111111101111
00010111111111111111111111111111
00010111111111111111111111111111
00010111111111111111111111111111
00010111111111111111111111101111
00010111111111111111111111111111
11010111111111111111111111111111
00011111111111111111111111111111
11001011111111111111111111111111
11111011111111111111111111111111
00111111111111111011111111111111
11110011111111111111111111111111
11101101111111111111111111111111
01111100111111111111111111111111
10000000111111111111111111111111
10111111011111111111111111111111
10110011110111111111111111111111
10001100111100011111111111111111
