01111101111011111111111111111111
10110011111110111111111111111111
11100110111111111111111111111111
01011001101111111111111111111111
01111001110011111111111111111111
11111101111101111111111111111111
10011101111111111011111111111111
11111101111011111101111110111111
11111001110011111111111111111111
00111101111111111101111111111111
11011011111011111111111111111111
01111010111111111111111111111111
11100001000111111111111111111111
11011010110111111111111111111111
11110010111111111111111111111101
10110110110111111111111111111111
10110110011111111111111111111111
00110110101111111111111111111111
10110110101111111111111110111111
10110110101111111111111101111111
11110110101111111111111111111111
00111111111111111111111111111111
01001011011111111111110111111111
01101101011111111111111111111111
01010011011111111111111111011111
11101111011111111111111111111111
01111110011110111111111111111111
10010011011110111111111111111111
11001011011111111111111111111111
11001101011111111111111111111111
11000011111111111111111111111111
00101101101111111111111111111111
