00001101111100101111111111111111
01100101110011011111111111111111
00001100111111101111111111111111
11101101111111111111111111111111
11100001101111111111111111111111
01001000000111111111111111111111
10101101111101111111111111111111
01000111111111111111111111111111
00001000001111111111111111111111
00101111011111111111111111111111
00101111111111111111111111111111
01100001111111111111111111111111
00011011111111111111111111111111
01110111111111111111111111111111
01101111111111111111111111111111
00001111111111111111111111111111
01111111111111111111111111111111
00010111111111111111111111111111
00111111111111111111111111111111
00101111111111111111111111111111
00101111111111111111111111111111
00101111111111111111111111111111
00101111111111111111111111111111
00101111111111111111111111111111
00100111111111111111111111111111
00101111111111111111111111111111
00101111111111111111111111111111
00011111111111111110111111111111
00010111111111111111111111111111
00101101111111111111111111111111
00101111111111111111111111111111
00101101011101111111111111111111
