11111111111111111111111111111100
11110111111111111111111111111101
11111111111111111111111111111011
00010111111111111111111111111101
11111111111111111111011111111110
00110111111111111111111111111111
00101111111111111111111111111111
01011111111111111111111111111111
01010111111111111111111111111110
00001101111111111111111111111111
00000011111111111111111001111111
00001111111111111111111111111111
00101111111111111111111111111111
00101111111111111111111111111111
00101111111111111111111111111111
00111111111111111111111111111111
00101111111111111111111111111111
01011111111111111111111111111111
01011111111111111111111111111111
01011111111111111111111111111101
01011111111111111111111111111111
01011111111111111111111111111111
01011111111111111111111111111101
01011111111111111111111111101111
01011111111111111111111111111101
00101111111111111111111111111001
00111111111111111111111111100100
00101111111111111111111111111101
00011111111111111111111111110100
00011011111111111111111111111000
00001111111111111111111111110100
00000101111111111111111111101000
