11111111111111111111111111111111
11111111111111111111111111111111
11111111111111111111111111111111
11111111111111111111111111111111
11111111101111111111111111111111
11111111111111111111111111111111
11111111111111111111111111111111
11111111111110111011111111111111
11111111111111111111111111111111
11111111111111111011111111111111
11111111111111111111111111111111
11111111111111111111111111111111
11111111111111111111111111111111
11111111111111111111111111111111
11101111011111111111111111111111
10111111111111111111111011111111
01011111111111111111111111111111
10111111011111111111111101111111
11011111111111111111111111111111
11111111111111111111111111111111
11111111111111111111111111111111
11111111111111111111111111111111
00011111111111111111111111111111
11111111111111111111111111111111
11101111011111001111011111011111
11111111101110111100111111111111
00110111111111111111111110111111
11111111111011101111111111111111
00111111111111111111111111111111
11111111111111111111111111111111
11101111111111111111111111111111
10111111111111111101111111111111
