11111111111111111111111111111111
11101111111111111111111111111111
11111111111111111111111111111111
11111111111111111111111111111111
11111111111111111111111111111111
11111111111111111111111111111111
11111111111111111111111111111111
11111111111011111111111111111111
01111111111111111111111111111111
11111011111111111001111111111111
11111111111111111111111110111111
01110111111101111111111111111111
10111111111111111111111111111111
10011111101111111111111111111111
10111111111111111111111111111111
10111111111111111111111111111111
11111111111111111111111111111111
11101111101111111111111111111111
11111111111111111111111111111111
11111111111111111111111111111111
11011111111111111111111110111111
00111111111111111111111111111111
11011111111111111111111111111111
10011111111111111111111111111111
11011111111111111111111111111111
01111111110011111111111111111111
10101111111111111111111111111111
11011111111111111111111111111111
11011011111111111101111111111111
11001110111111101110111111111111
11010011110111111111111111111111
11011101111111111111111111111111
