10111111111111111111111111111111
11111111111111111111111111111111
11111111111111111111111111111111
11111111111111111111111111111111
11101101111011111111111111111111
11111111111111111111111111111111
11110011110111111111111111111111
11111101101111111111111111111111
11111111111111111111111111111111
11111111111111111111111111111111
11110111111111111111111111111111
11110111111111111111111111111111
11111111111111111111111111111111
11111101111111111111111110111111
11111111011111111111111111111111
11111100111111011111111111111111
11111011011111111111111111111111
11111111111111111111111111111111
11001100111111111111111111111111
11111111111111111111111111111111
11011110111111111111111111111111
11101110111111111111111111111111
11111011111111111111111111111111
11111111111111111111111111111111
11111111111111111111111111111111
01111101111111111111111111111111
01110011111111111111111111111111
11111101111111111111111111111111
11111100111111111111111111111111
11111101011111111001111111111111
11111101101111111011111111111111
11111111111111111111111111111111
