10111111111111111111111111111111
10111111111111111111111111111111
00011111111111111111111111111111
11111111111111111111111111111111
00111111001111111111111111111111
11100111111111111111101111111111
11111101111111111111111111111111
11001111111110111111111111111111
11110011111111111111111111111111
11101111111111111111111111111111
10111111111111111111111111111111
01011000111111111111111111111111
11111111111111111111111111111111
10110011111111111111111111111111
10111110111111111111111111111111
10111101111111111111111111111111
00000011111111111111111111111111
00111111111111111111111111111111
00111011111111111111111111111111
00001011111111111111111111111111
10111011111111111111111111111111
10110011111111111111111111011111
10111011111111111111111111111111
10001011111111111111111111111111
00100011111111111111111111111111
10111111111111111111111111111111
10111111111111111111111111111111
10000011111101111111111111111111
00011111111111111111111111111111
00000011111111111011111111111111
10111101111111111111111111111111
10111100001100011111111111111111
