00000000010111001111100111111111
00000000010111011111111111111111
00000000011111111111111111111111
00110000110100011111110011110111
01000011001111111111111111111111
00111100111111111111111111111111
11111011111111000011001111111111
11101111111100111111110001111110
00101111111110011100110110011111
00101111111111110111011101111111
00101111111111111111101101111111
00101111110100001111100001011111
00111111111111111111101001111111
00010111110001100000000001011100
00111111110111000011101010111111
00101111101111111111100101111011
00101111101000101100001011111100
00101111111111000011111111110111
00101111110000001110111111111111
00101111011000110110101111100100
00111111100010000001111110011111
00101110111101111110111111111111
01111111011111111111111101011111
01011111100111011011111010000000
11111111111111111111110000011000
10111111000001101111101110100110
10111111111100011111111111110110
10111110011011111111111110100000
11111111110111111011100110100100
01011111111111111111011011000000
00111111111111111110111111000000
00010011111111111001111100000000
