00000011110000111111111111110100
00000100001111111111111111111010
00011011111111110000000001111111
00100111111110001111111110011101
01011111110001110000000001101110
10111111001110000000000000111110
01111110110000000000000000010111
11111101000000000000000000010111
11111010000000000000000000010111
11111110000000000000000000000111
11111100000000000000000000001111
11110100000000000000000000001011
11110100000000000000000000011111
11111100000000000000000000010111
11101000000000000000000000010111
11111000000000000000000000010111
11101000000000000000000000010111
11101000000000000000000000111111
11101000000000000000000000101111
11101000000000000000000001111110
11101000000000000000000001111111
11101000000000000000000010111101
11101000000000000000000101111111
11101000000000000000001011111010
11111000000000000000110111111100
11101000000000000011001111101000
11111100000000001100111111010000
11110111000000110011111101100000
01111100111111001111111011000000
10111111000000111111100100000000
01011111111111111110011000000000
00100111111111111001100000000000
