11111111111111111001000000000000
11111111111111111110110000000000
11111111111111111111001000000000
11111111111000011111110100000000
11111100000111100111111011000000
11111011111000011001111100100000
11110100000000000110011111010000
11111100000000000001101111101000
11101000000000000000010111110100
11111000000000000000001011111110
11101000000000000000000101111010
11110100000000000000000010111101
11110100000000000000000001011111
11110100000000000000000001111110
11111100000000000000000000101111
11111100000000000000000000111111
11110100000000000000000000010111
01111100000000000000000000001011
01111010000000000000000000001111
01111110000000000000000000001011
01111010000000000000000000001011
11111101000000000000000000001011
10111110100000000000000000001111
01011111010000000000000000001011
01111111101000000000000000010111
00111111110110000000000000101111
00010111111001000000000001011111
00001001111110111111111110111110
00000110111111100000000011111101
00000011111111111111111111111010
00000000101111111111111111110100
00000000010001111111111111001000
