00000000001011111111111111111010
00000000010111111111111111111101
00000000101111111000000001111110
00000001011110000011111100001111
00000011111111111100000001110111
00000010111101000000000000001011
00000101111010000000000000001111
00001011110100000000000000001011
00011111111100000000000000001011
00010111101000000000000000001111
00101111010000000000000000001011
01111111110000000000000000011111
01011110100000000000000000010111
01011110100000000000000000101111
11111111100000000000000000111110
10111101000000000000000001011111
11111111000000000000000011111101
01111010000000000000000010111110
01111110000000000000000111111010
01111110000000000000000101110100
11111100000000000000001011111100
11110100000000000000010111111000
11101000000000000001101111010000
11111000000000000010011110100000
11101000000000001101111101000000
11101000000000110011111010000000
11101000000011001111110100000000
11111001111100111111001000000000
11100110000011111110110000000000
11111000111111111001000000000000
11111111111111100110000000000000
01111111111110011000000000000000
