00000000000111111111111100100000
00000001111111111111111111010000
00000101111111111111111111101000
00000111111111111111110111110100
00000100111111100000111001111010
00001011111110011111000110111101
00010111110001100000110001011111
00111111101110000000000000101110
01101111010000000000000000010111
01111110100000000000000000011111
10111101000000000000000000010111
11111010000000000000000000001011
11111110000000000000000000001011
01110100000000000000000000001011
11110100000000000000000000001011
11110100000000000000000000000011
11111000000000000000000000000111
11101000000000000000000000010111
11101000000000000000000000011111
11101000000000000000000000010111
11101000000000000000000000101111
11101000000000000000000001111110
11101000000000000000000001011111
11101000000000000000000011111111
11111100000000000000000010111110
11110011000000000000000101111010
01111100111000000000001011110100
11111111000111111011110111101000
01011111111000000100011111011000
00101111111111111011111111110000
00010011111111111111111101100000
00001100011111111111111011000000
