00000000000100011111111111110010
00000000000011111111111111111101
00000000011111111111111111111110
00000001101111111111000001111111
00000110011111110000111110011111
00011001111100001111000001111111
01100111111111110000000000101111
10011111111010000000000000101111
01111111110100000000000000111111
11111111101000000000000000010111
11111111010000000000000000011111
11111110100000000000000000011111
11111111100000000000000000101111
11111101000000000000000000101111
11111010000000000000000000101111
11111110000000000000000001011111
11111010000000000000000011111111
11111010000000000000000010111111
11111010000000000000000101111110
11111010000000000000001111111111
11111100000000000000011011111101
11110100000000000000111111111010
11111100000000000001101111111110
11110100000000000110111111111100
11111010000000001001111111011000
11111101100000110111111110110000
11111110011111001111111101100000
11111111100000111111111010000000
01111111111111111111100100000000
10111111111111111111011000000000
01001111111111111100100000000000
00110011111111110011000000000000
