00000000011001111111111111001000
00000000100111111111111111110100
00000001011111110000001111111010
00000010111110000111110001111101
00000101111001111000001110011110
00001011100110000000000001101111
00010111011000000000000000010111
00011111100000000000000000001011
00010111111010000000000000001111
00111111111110000000000000000011
00101111000000000000000000000101
01011110111000000000000000000111
11111101000000000000000000000001
10111010000000000000000000001011
01111110000000000000000000001011
01110100000000000000000000001011
01111100000000000000000000001011
11110100000000000000000000010111
11111000000000000000000000011111
11101000000000000000000000010111
11101000000000000000000000111111
11101000000000000000000001101111
11101000000000000000000011011111
11101000000000000000000100111111
11101000000000000000011011111010
11111000000000000001000111110100
11101100000000001110111111101000
11110111100011110001111110110000
01111000011100001111111001000000
10111111100011111111100110000000
01011111111111111110011000000000
00100111111111111001100000000000
