00100111111111111111111111100100
01111111111111111111111111111010
01011111111100000001111111111111
10111111000001111110000000111101
10111111111110000001111111111110
10111111100000000000000001011111
11111111100000000000000000101111
01111101000000000000000000111111
01111111000000000000000000101111
01111011000000000000000000000111
01111110000000000000000000010111
11111110000000000000000000000111
11110100000000000000000000000111
11111100000000000000000000010111
11110100000000000000000000010111
11110100000000000000000000011111
11110100000000000000000000010111
11110100000000000000000000101111
11110100000000000000000000101111
11110100000000000000000000111111
11111010000000000000000001011111
11111010000000000000000011011110
01111110000000000000000010111111
01111010000000000000000101111101
01111111000000000000011011111010
01111101000000000000100111110110
11111110110000000011011111101100
10111111001110111100111111011000
01011111110000000011111110100000
00101111111110111111111101000000
00010111111111111111110010000000
00001001111111111111100100000000
