00000000011100111111111100010000
00000111100011111111111111101000
00001000011111111111111111110100
00010111111111100000000111111010
00111111111100011111111011111101
01111111110011100000000100111110
10111111001100000000000011111111
01111110110000000000000001011111
11111101000000000000000000101111
11111111000000000000000000111111
11111010000000000000000000010111
01111110000000000000000000011111
11111010000000000000000000010111
11111010000000000000000000010111
11110100000000000000000000010111
11110100000000000000000000011111
11110100000000000000000000010111
11101000000000000000000000101111
11111000000000000000000000111111
11100000000000000000000000101111
11110100000000000000000001011111
11110100000000000000000010111110
11110100000000000000000101111101
11110100000000000000001011111111
11111110000000000000010111111010
11110110000000000001101111110100
11111011000000000110011111101000
01111100111100011001111111010000
11111111000011000111111100100000
10111111111100011111111011000000
01001111111111111111110100000000
00110111111111111111001000000000
