00000000101110010000000000000000
00000001011111101100000000000000
00000010111111111010000000000000
00000111111111111011000000000000
00000001111011111101000000000000
00001111111100111110100000000000
00011111111111011111110000000000
00010111100000111111010000000000
00010111111000101111111000000000
00010111110000011111101000000000
00010111010000010111101000000000
00010111010000011111101000000000
00010111010000010111101000000000
00010111010000010111101000000000
00010111010000011111111000000000
00010111010000010111010000000000
00010111010000111111110000000000
00010111010000101111010000000000
00010111110000111111010000000000
00010111010001011111100000000000
00010111111011111110100000000000
00010111101100111101000000000000
00010111110011111011000000000000
00011111111111111110000000000000
00001011111111110000000000000000
00000101111111101000000000000000
00000010111110010000000000000000
00000001000001100000000000000000
00000000011110000000000000000000
00000000000000000000000000000000
00000000000000000000000000000000
00000000000000000000000000000000
