00000000000010100100000000000000
00000000000111111010000000000000
00000000000001111111000000000000
00000000010111111101000000000000
00000000011111111110100000000000
00000000010111111111110000000000
00000000111111101111010000000000
00000000101111011111101000000000
00000000101111110111110100000000
00000000111111111111111110000000
00000000101110101011111010000000
00000001111111100101111101000000
00000001011110100010111111000000
00000001011110100010111110100000
00000001011110100001011110100000
00000001011110100001111110100000
00000001011111000001011110100000
00000001011110100001011110100000
00000001011110100001011110100000
00000001011110100001111110100000
00000001111111100011111111000000
00000000101110100010111101000000
00000000111111000101111010000000
00000000101111110111111110000000
00000000111111111111111100000000
00000000010111111111110100000000
00000000001011111111011000000000
00000000000101111111110000000000
00000000000010001000000000000000
00000000000001100111000000000000
00000000000000000000000000000000
00000000000000000000000000000000
