00000000000100001100000000000000
00000000001011110010000000000000
00000000010111111101000000000000
00000000111111111110100000000000
00000000101111111111010000000000
00000000101110001111111000000000
00000000001101110111101000000000
00000000010001001011111100000000
00000000101110101111110100000000
00000001011111011111110100000000
00000001111111010101110100000000
00000011111111010111110100000000
00000010111111010101110100000000
00000101111010000101110100000000
00000101111111000111110100000000
00000101111110000101110100000000
00000101110100001111110100000000
00000101111100001011111100000000
00000101110100001011101000000000
00000001110100011111111000000000
00000101110100011111010000000000
00000101110100111111110000000000
00000101111100101110100000000000
00000101111111011111100000000000
00000000111000111101000000000000
00000011111111111110000000000000
00000011111111111110000000000000
00000000001111110100000000000000
00000000111111001000000000000000
00000000000000110000000000000000
00000000001111000000000000000000
00000000000000000000000000000000
