00000000000000000000000000000000
00000001111100000000000000000000
00000100000000100000000000000000
00001001111101011000000000000000
00010111111111100100000000000000
00101111111111111010000000000000
01111111111111111101000000000000
01011111111101111110100000000000
01011111111110111111110000000000
00010111111111011111010000000000
00111111100110101111101000000000
00101111111000010111111100000000
00101111010110011011110100000000
00101111110000001111110100000000
00101111010000000101111110000000
00101111110000001111111110000000
00101111010000001011110100000000
00101111111000011111110100000000
00011111101000010111111100000000
00010111101000011111101000000000
00010111111000010111111000000000
00001111111100101111000000000000
00001011110101111111110000000000
00001111111010011110100000000000
00000101111101111111100000000000
00000111111111111101000000000000
00000011111111111110000000000000
00000001011111110100000000000000
00000000100000001000000000000000
00000000011100110000000000000000
00000000000000000000000000000000
00000000000000000000000000000000
