00000000000000000000000000000000
00000000000000000000000000000000
00000000000000000000000000000000
00000000000000001011100000000000
00000000000000110000010000000000
00000000000001001111101000000000
00000000000010111111111110000000
00000000000111111111111001000000
00000000000101111111111110100000
00000000001111111101111111010000
00000000001011111011011111101000
00000000001111110101111111110100
00000000001011111100101111111010
00000000011111111100011111111101
00000000010111101000001001111111
00000000010111101000000111111110
00000000011111111000000011111111
00000000101111111000000001011111
00000000111111101000000011111111
00000000010111101000000011111110
00000000011111111100000101111111
00000000001011110111111011111101
00000000001111111000001111111010
00000000001111111111111111111100
00000000000101111111111111101000
00000000000010111111111110010000
00000000000001000001110001100000
00000000000000111110001110000000
00000000000000000001110000000000
00000000000000000000000000000000
00000000000000000000000000000000
00000000000000000000000000000000
