00000011111111111101000000000000
00000101111111111110100000000000
00001111111111111111010000000000
00001011111101111111111000000000
00001011111111001111101000000000
00011111111111110111111000000000
00010111111111011111110100000000
00010111110111001011111100000000
00010111101111011111110100000000
00001111111000000111111110000000
00000111101110000101111010000000
00101111010000000111111111000000
00111111110000000101111101000000
00101111010000000111111101000000
01011111010000000010111101000000
01011111100000000011111101000000
01011110100000000010111101000000
01011110100000000011111101000000
01011110100000000101111111000000
01011110100000000101111010000000
01011110100000000111111110000000
01011111100000001011111110000000
01011110100000001111110100000000
01011111110000001011111100000000
01111111110000011111110100000000
00101111010000010111111000000000
00111111101000111111101000000000
00101111110111001111111000000000
00010111111000111111010000000000
00001011111111111111110000000000
00001111111111111110000000000000
00000101111111111101000000000000
