00000000001111111111101100000000
00000000101111111111110010000000
00000000111111111111111101000000
00000000101111000011111110100000
00000001111111111110111111110000
00000001111011000001011111101000
00000001000000000001111111101000
00000010111111000000111111100000
00000101111111110000010111100000
00000111111110100000001011100000
00001011111001000000000111100000
00001011110110000000001111100000
00010111111000000000010111101000
00010111101000000000111111111000
00010111111000000000111111010000
00000111000000000001111111100000
00000111100000000001011110100000
00000111100000000011111101000000
00000111100000000010111111000000
00000111100000000111111111000000
00000111100000001111111010000000
00010111100000011011110100000000
00010111111000110111111100000000
00010111101111001111111000000000
00001111110000111111010000000000
00001011111111111110100000000000
00000101111111111101000000000000
00000011111111111010000000000000
00000000011111000100000000000000
00000000100000110000000000000000
00000000011111000000000000000000
00000000000000000000000000000000
