00000000000000000000000000000000
00000000000000000000000000000000
00000000000000000000000000000000
00000000000000000000000000000000
00000000000000000000000000000000
00000000000011110000000000000000
00000000001100001000000000000000
00000000010011110100000000000000
00000000111111111011000000000000
00000000101111111101000000000000
00000000111111111110100000000000
00000001011111101111110000000000
00000001011101110111110000000000
00000001011111011111111000000000
00000001011111101011101000000000
00000000011010001111101000000000
00000000011110001011101000000000
00000000011110001011101000000000
00000000011010001111101000000000
00000000011111010111110000000000
00000001011101011111010000000000
00000001011111111111100000000000
00000001011100001110100000000000
00000000101111111101000000000000
00000000111111111011000000000000
00000000011111111110000000000000
00000000000000000100000000000000
00000000000110011000000000000000
00000000000000000000000000000000
00000000000000000000000000000000
00000000000000000000000000000000
00000000000000000000000000000000
