00000000000011111111111000100000
00000001100111111111111111010000
00000010000000000000111111101000
00000111110101111111001111110100
00001111111100000000110001111110
00000011101000000000000111111010
00011111010000000000000011111110
00101111100000000000000010111100
01111110100000000000000010111100
00111101000000000000000010111100
00011111000000000000000010111100
11111010000000000000000010111010
10111110000000000000000011111010
11110100000000000000000101111010
01111100000000000000000101111010
11100100000000000000000101111010
11111000000000000000000101111100
11101000000000000000000111110100
11111000000000000000000101111100
11010000000000000000001011101000
11110000000000000000011111111000
11010000000000000000010111010000
11110000000000000000101111110000
11010000000000000001011111100000
11111000000000000110111101000000
11101000000000001001111010000000
11110111000001110111110100000000
11111000111110001111101000000000
10111111000001111110010000000000
01011111111111111101100000000000
00100111111111100010000000000000
00011000000000011100000000000000
