00000100011111111000110000000000
00001011011111111111001000000000
00011111111111111111110110000000
00101111111111111111111011000000
00101111010000000011111110100000
00101110101111111100011111010000
01011111100000000011111111101100
01011110100000000000000111110000
01011111100000000000001011111100
01111101000000000000000101111100
00111111000000000000000010111000
00111101000000000000000011111110
00111101000000000000000001011110
00111111000000000000000001111110
00111010000000000000000001011110
00111111000000000000000001011110
00111010000000000000000001011110
00111111000000000000000001011110
00111101000000000000000001111110
01111101000000000000000001011110
01011111000000000000000011111100
01011101000000000000000011111100
01011111100000000000000010111100
01011111100000000000000111111100
01011110100000000000000101110000
00111111110000000000011111111100
00101111010000000000000111111100
00011111101100000011011111101000
00000011111011111100111111110000
00001111111100000011111110000000
00000101111111111111111101000000
00000011011111111111110000000000
