00000000010111111111111110000000
00000000001111000111111011000000
00000001111111111000111101000000
00000010111111101111011110100000
00000101110100000000100111110000
00000111111100000000010111010000
00000101101000000000000011111000
00001011110000000000001111101000
00011111000000000000001011111100
00011111100000000000001011111100
00010111010000000000000101110100
00111111110000000000000111111110
00101110100000000000000010111010
00101110100000000000000011111010
00111111100000000000000011111010
01011101000000000000000010111010
01011111000000000000000111111010
01011101000000000000000101111110
01011101000000000000001111110100
01011101000000000000001111111100
01011101000000000000001011101000
01011101000000000000010111010000
01011101000000000000101111110000
01011101000000000011011100000000
01011101000000000100111111000000
01011111000000001011111010000000
01111110111111110111111100000000
00101111000000001111101000000000
00111111111111111110010000000000
00000011111111110001100000000000
00000101111111001110000000000000
00000010000000110000000000000000
