00011001111110000000011111101000
00100111111010000000001111111100
01111111000100000000000101110100
11111100111000000000000010111110
10111011000000000000000001011010
11111100000000000000000001111111
01110100000000000000000001011101
01111100000000000000000000111101
01111101000000000000000000101101
01111101000000000000000000101111
01111101000000000000000000111110
01111101000000000000000000010110
11111101000000000000000000011110
10111101000000000000000000010110
11111101000000000000000000011110
10111101000000000000000000010110
11111101000000000000000000111110
01011101000000000000000000101110
00101111100000000000000000111111
00111110100000000000000000101101
00101110100000000000000001111111
00101100100000000000000001011101
00101110100000000000000010111110
00101110100000000000000111111010
00111111100000000000000101111100
00010111100000000000011011101000
00010111010000000001101111010000
00001011111000000010011110100000
00001111101111111001111101000000
00000101110000000111110110000000
00000111111111111111101100000000
00000001011111111110010000000000
