00000000000110111111000100000000
00000111111111111111111011000000
00000101111111111111111100100000
00001111111000000000111111110000
00001011101111111111001111000000
00010111011000000000110111101000
00111111100000000000001011101000
00111100000000000000000101111000
01011110000000000000000111101000
01011111000000000000000101111100
01011101000000000000000101110100
01111101000000000000000000110100
10111110000000000000000001110100
10111010000000000000000000110100
10111010000000000000000001110100
10111010000000000000000111111100
10111010000000000000000101101000
10111010000000000000001111111000
10111010000000000000001011101000
10111010000000000000001111000000
10111010000000000000010111100000
10111110000000000000101110010000
11111101000000000001111111100000
01011101000000000001011111100000
01111111000000000011111101000000
01111111000000001101111010000000
00101110010000010011111100000000
00111111101111101111101000000000
00000111110000111111010000000000
00001001111111111100100000000000
00000011111111110011000000000000
00000000000000001100000000000000
