00000101111000000000010000000000
00001111111000000000101100000000
00001011100100000000010010000000
00011111111000000010111100000000
00011111110000000010111111100000
00010111010000000000011111111000
00111111010000000000011111101000
00101111110000000000000011111100
00101110100000000000001111110100
01111111100000000000001111110100
01011110100000000000000101110100
01011111100000000000000111110100
01011101000000000000000101110100
01011111000000000000000101110100
01111101000000000000000101110100
01011101000000000000000111110100
11111101000000000000000101110100
10111101000000000000001111110100
10111101000000000000001011111000
10111101000000000000011111101000
11111101000000000000010111111000
01011111000000000000101111010000
01111101000000000000111111110000
01011111100000000000101111100000
01011110100000000001011101000000
01011111110000000010111111000000
01111111011000001101111101000000
00110111100111110111110000000000
00011111111000001111101100000000
00001011111111111111011000000000
00000101111111111110110000000000
00000010011111111001100000000000
