00000000000000011100000000110000
00000000000001000011111111001000
00000001100010011111111111110100
00000000000101111111111111111010
00000111101111111100000001111111
00000101101011100011111011111101
00000111111011011100000001011111
00001011010000100000000000101110
00011111110011000000000000111110
00010110000000000000000000101111
00111111000000000000000000101110
00101111100000000000000000101111
00111110100000000000000000101111
00101110100000000000000000101110
01111110100000000000000000101110
01011111100000000000000000111111
01011101000000000000000001111101
01011111000000000000000001011010
01011101000000000000000010111110
01011101000000000000000111111110
01011101000000000000000101111100
01011101000000000000011011101000
01011111000000000000110111110000
01011101000000000001101110000000
00111111100000000001011101100000
00101110100000000010111111000000
00101111100000000101111110000000
00111110011111110011110100000000
00010111100000001111101000000000
00001111111011111111010000000000
00000101111111111110100000000000
00000110111111111001000000000000
