00001000101111111110000000100000
00000000111111111111111111010000
00101100000000001111111111101000
00101101001111110000000011110100
00111101000000001111111101111100
01011101000000000000000010111010
01011111000000000000000001111010
01111010000000000000000001111010
01011010000000000000000001011010
11111010000000000000000001011010
10111010000000000000000001011010
10110000000000000000000001011010
10111000000000000000000001011010
10110000000000000000000001011010
10110000000000000000000001111010
10110000000000000000000010111010
10110000000000000000000010111010
10110000000000000000000111111100
10110000000000000000000101110100
10111000000000000000000111100000
10110000000000000000001111101000
10111010000000000000001011111000
11111010000000000000010111010000
01011110000000000000101111100000
01011111000000000001011101000000
01011101000000000110111010000000
00101111000000001001110100000000
00101110111111110111101000000000
00010111000000001111010000000000
00011111111111111110100000000000
00000101111111111001000000000000
00000010000000000110000000000000
