00000000000000000111000000000000
00000000000111111000110000000000
00000011000000000111000010000000
00000000000111111111110001000000
00000011111111111111111110100000
00000111111110000000111111000000
00000011110001111111001111110000
00001111101110000000110011100000
00000111010000000000001101111000
00001110100000000000000010110000
00011111000000000000000001111000
00001110000000000000000000011000
00011100000000000000000000111000
00011110000000000000000000011000
00011100000000000000000000011000
00011000000000000000000000011000
00011100000000000000000000011000
00011000000000000000000000011000
00011000000000000000000000111000
00011100000000000000000000011000
00011000000000000000000001111000
00011100000000000000000010111000
00011100000000000000000001110000
00011110000000000000000111111000
00011100000000000000000011100000
00001111100000000000001111010000
00011110000000000000110111100000
00001111111110000111001110000000
00000011100001111000111101000000
00001011111110000111111000000000
00000001111111111111111100000000
00000010011111111111100000000000
