00000011111111111111111110100000
00101111111111111111111111000000
00111111111100000000111111111100
00101111000011111111000111110100
01111111111100000000111011111110
01011110100000000000000101111110
11111101000000000000000010111010
10111101000000000000000011111111
11111111000000000000000001111101
10111010000000000000000001011101
01111110000000000000000001011101
01111110000000000000000001011101
01110100000000000000000001011101
01111100000000000000000001011101
01110100000000000000000001011101
01110100000000000000000001011101
01110100000000000000000001111101
01110100000000000000000001011101
01111110000000000000000011111101
01111010000000000000000010111010
01111010000000000000000101111010
01111110000000000000001111111100
11111010000000000000001011110100
10111111000000000000011111101000
11111101000000000000110111111000
11111110100000000000001111010000
01011111011110001111111111110000
00101111100000000001111100000000
00010111111110001111111111000000
00001001111111111111110010000000
00000100000111111100001100000000
00000001111000000011110000000000
