00001100111111111111111000100000
00010011111111111111111111011000
00101111111110000001111111100100
01011111100001111100001111111010
11111110011110000001110011111101
00111101100000000000001100111110
00111110000000000000000011011111
10111010000000000000000001101111
11011111000000000000000000110111
00101111100000000000000000011111
00010000011000000000000000001011
00011111100100000000000000011111
00111111111010000000000000010111
00111111111111000000000000011111
01111111011101000000000000010111
01011110100000000000000000111111
11111101011100000000000000111111
10111111000000000000000000101110
01111010000000000000000001111111
11110100000000000000000011111101
11111100000000000000000111111010
11110100000000000000000101111110
11110100000000000000001011110100
11110100000000000000010111101000
11110100000000000000101111010000
11110110000000000001011111110000
01111011000000000110111110100000
11111100110000011001111111000000
10111111001111100111111110000000
01011111110000011111100100000000
00100111111111111111011000000000
00011011111111111100100000000000
