00000000000011001111111111001000
00000000000100111111111111110100
00000000011011111111111111111010
00000000100111111100000001111101
00000001011111110011111111111110
00000010111111001100000010111111
00001101111101110000000001011111
00010011111010000000000000101111
00111111111110000000000000010111
01111111100000000000000000011111
11111111011000000000000000001111
10111110100000000000000000001111
10111111100000000000000000000111
10111110100000000000000000111111
11111111100000000000000000101111
01111110100000000000000001111111
01111111110000000000000001011110
11111111010000000000000011111111
11110000000000000000000010111101
11111111000000000000000111111111
11110100000000000000001111111010
11110100000000000000001111110100
11100000000000000000010111101000
11111000000000000000101111010000
11111000000000000001011111110000
11101000000000000010111110100000
11110100000000001101111101000000
11111110000000110011111010000000
11111001111111001111100100000000
11111110000000111111011000000000
10111111111111111110100000000000
01011111111111111001000000000000
