00011011111111111001100000000000
00100111111111111110010000000000
01011111111000111111101100000000
11111111001110001111111010000000
10111110100000110011111101000000
11111100111101001100111110110000
01011111111111000011001111001000
00110111111110000000110111111100
00101111100000000000001011111110
01011110011000000000000101111111
11111111100000000000000010111111
10111101000000000000000001011110
11111111000000000000000000101111
01111000000000000000000000111111
01111110000000000000000000010111
01111010000000000000000000001111
01111010000000000000000000001011
11111010000000000000000000001111
01111010000000000000000000001011
11111110000000000000000000001111
11110100000000000000000000010111
11110100000000000000000000011111
11110100000000000000000000010111
11110100000000000000000000101111
11111100000000000000000001111111
11111010000000000000000011011110
01111101000000000000000110111101
11111110111000000000011001111111
01011111100111111111100111110110
00101111111000000000011111101100
00010011111111111111111111010000
00001100111111111111111100100000
