00000001001100111111111111110010
00000010011111111111111111111101
00000111111111111111000011111111
00001011111111100000111100011110
00010111111000011111000011111111
00111111110111100000000000101111
01111111101000000000000000101111
00111111110000000000000000111111
00111111010000000000000000010111
01011110100000000000000000011111
01111111100000000000000000010111
01011101000000000000000000010111
11111111000000000000000000011111
10111101000000000000000000010111
10111101000000000000000000111111
11111111000000000000000000101111
01111010000000000000000000101111
01111010000000000000000000101111
01111010000000000000000000111110
11111110000000000000000001011110
11110100000000000000000010111111
11110100000000000000000111111101
11110100000000000000001001111010
11110100000000000000110111110100
11110100000000000011011111101000
11110100000000001100111111010000
11111100000001110011111110100000
11111111111110001111111011000000
01111000000001111111100100000000
11111111011111111110011000000000
01011111111111111001100000000000
01111111111111100110000000000000
