00000000111111111100011000000000
00001111111111111111100110000000
00001011110000111111111001000000
00011111111110000111111110110000
00010111111111111000111111001000
00101111111111000111001111110100
00111110000011010000110011111110
01011101111100000000001100111010
11111111000011000000000011111101
10111010000000000000000001011111
10111110000000000000000001111110
10111010000000000000000000111110
11111010000000000000000000101110
01111010000000000000000000101111
01111100000000000000000000101111
01110100000000000000000000011111
01110100000000000000000000010111
01110100000000000000000000010111
01110100000000000000000000010111
01110100000000000000000000010111
01110100000000000000000000010111
01111100000000000000000000010111
11111110000000000000000000010111
10111010000000000000000000011111
10111101100000000000000000010111
01011110011100000000000000101111
00101111100011100000000001011110
00010111111100011111000110111101
00001011111111100000111001111010
00000100111111111111000111110100
00000011000011111111111111101000
00000000111000011111111110010000
