00000000000001000111111111111010
00000000001110011111111111111101
00000000010001111111111111111110
00000000101111111100000000011111
00000001011111100011111111101111
00000011111111011100000000010111
00000010111110100000000000011111
00000101111101000000000000010111
00001011110010000000000000010111
00000111101100000000000000010111
00101111110000000000000000010111
00111111010000000000000000000111
01111111100000000000000000000111
01011110100000000000000000001111
11111111100000000000000000000111
10111101000000000000000000111111
10111111000000000000000000101110
10111110000000000000000000111111
10111010000000000000000010111111
10111010000000000000000010111101
10111010000000000000000010111111
10111010000000000000000011111101
10111010000000000000000111111010
10111010000000000000001111111010
10111010000000000000011111100000
10111111000000000001100111111000
10111101000000000010011111010000
11111111111111111101111110100000
01111110000000000011111101000000
01111111111111111111111110000000
00000111111111111111000000000000
00011001111111111110011000000000
