00000001000001110011111110001000
00000110111110001111111111110100
00001001111111111111111111111010
00011111111111111111111111111101
00010111111111111100000001111111
00111111111111110011111110111110
01111111111111001100000001111111
01111111111110110000000001011111
00011111111101000000000001011111
10111111110010000000000001011111
11111111101100000000000001011111
10111110010000000000000001011111
11111101100000000000000001011111
01111111000000000000000001011111
11111010000000000000000001011111
11111110000000000000000001111111
11111010000000000000000001011110
11111010000000000000000001111111
11111110000000000000000010111110
11110100000000000000000010111111
11111100000000000000000011111101
11110100000000000000000111111111
11110100000000000000000101111101
11110100000000000000001011111000
11110100000000000000111111111110
11111100000000000001001111111100
11111011000000001110111111101000
11111100111111110001111111010000
11111111000000001111111110100000
10111111111111111111111001000000
01011111111111111111110110000000
00110111111111111111001000000000
