00000011100111100000000000011000
00001100011111111111111111100100
00000011111111111111111111111010
00111111111111111111111111111101
00101111111000000000000000111110
00101111110111111111111111001111
00001011111100000000000000111111
00011111101000000000000000101111
00010111101000000000000000101111
00111111010000000000000000101111
00111111110000000000000000101111
00101111100000000000000000101111
01111110100000000000000000101110
01011111100000000000000000101111
01111101000000000000000000111110
01011111000000000000000001111110
11111101000000000000000001011100
10111101000000000000000011111111
10111101000000000000000011111101
10111110000000000000000010111110
10111010000000000000000111111010
10111010000000000000000101111110
00111010000000000000001011110100
00111010000000000000010111101000
00111010000000000000100111111000
00111010000000000011011111010000
00111010000000011100111110100000
10111011001111100011111101000000
10111100110000011111111010000000
11111111000111111111101100000000
01011111111111111110010000000000
00101111111111110001100000000000
