00000000010111111110001100000000
00000000101111111111110011000000
00000001011111111111111100100000
00000011111110000011111111011000
00000110111101111100011111101100
00000111111010000011100011110100
00001011110100000000011101111010
00011111101000000000000010111101
00010111011000000000000001011111
00111111110000000000000001111110
00101110100000000000000000101110
00111111100000000000000000111110
01011111100000000000000000101111
01011101000000000000000000101111
11111101000000000000000000101111
10111010000000000000000000101111
10111010000000000000000000101111
10111010000000000000000000101110
01111010000000000000000000101110
01111100000000000000000000101110
01110100000000000000000001011110
01110100000000000000000001011101
01110100000000000000000011111111
01111100000000000000000010111110
01110100000000000000001101111010
01111010000000000000110011110100
10111101100000000011001111101000
11111110011111111000111111010000
01111111100000000011111110100000
00101111111111111111111001000000
00011011111111111111100110000000
00000100111111111110011000000000
