00000000000011000001111111000100
00000000000100011111111111110010
00000000010011111111111111111111
00000000101111111101000001111111
00000001011111110000111111011111
00000010111111001111000001111110
00000111111110110000000000111111
00000101111101000000000000111111
00001011111110000000000000111111
00010111101100000000000000101111
00111111111000000000000000101111
00101111010000000000000000101111
01011110100000000000000001111110
01111111100000000000000001011111
11111101000000000000000001011110
11111111000000000000000001011110
10111101000000000000000001111111
11111110000000000000000001011101
01111010000000000000000011111111
01111010000000000000000010111101
01111010000000000000000111111111
01111010000000000000000101111010
01111010000000000000001011110100
01111110000000000000011111111100
01111010000000000000010111101000
11111111000000000001101111010000
10111101000000000110011111110000
11111111111111110001111111100000
01011111000000001111111001000000
01111111111111111111110110000000
00000111111111111111001000000000
00011011111111111100110000000000
