00000000000110001111111111100100
00000000001001111111111111111010
00000000010111111111111111111101
00000000111111111110000000111111
00000000101111111111111111011111
00000001011111100000000000101111
00000010111110011110000000111111
00000101111101100000000000010111
00001111111010000000000000011111
00001011110100000000000000010111
00010111101000000000000000011111
00111111111000000000000000010111
00101111110000000000000000111111
01111110100000000000000000101111
01011111100000000000000000101111
11111101000000000000000000101111
10111111000000000000000000101111
11111110000000000000000001111110
01111010000000000000000001011110
11111110000000000000000011111111
11110100000000000000000010111101
11111100000000000000000111111111
11110100000000000000001101111010
11111000000000000000011011110100
11101000000000000001100111101000
11111000000000000110011111011000
11101000000011110001111110110000
11110111111100000111111101100000
11111000000011111111110010000000
11111111111111111111001100000000
10111111111111111100110000000000
01001111111111000011000000000000
