00000000011001111111111110001000
00000000000111111111111111110100
00000001111111110001111111111110
00000001011111001100000011111111
00000010111111110011111100111101
00000101111110100000000011011111
00001011111101000000000000101110
00010111100010000000000000111110
00111111011100000000000000101110
00101110100000000000000000101110
00111111100000000000000000101110
01011111000000000000000000101110
01111101000000000000000000101110
01011101000000000000000000111110
11111101000000000000000001011111
10111111000000000000000001111101
10111010000000000000000001011111
10111010000000000000000011111101
10111010000000000000000010111010
10111010000000000000000010111010
10111010000000000000000111111110
10111010000000000000001101111100
10111010000000000000011011111000
10111010000000000000110111111000
10111010000000000001001111010000
10111010000000000110111110100000
01111101000000001001111101000000
01011110100000110111110010000000
00101111011111001111101100000000
00010111100000111111010000000000
00011011111111111100100000000000
00000101111111111011000000000000
