00000000000001100011111111100100
00000000000110011111111111111110
00000000001101111111111111111010
00000000010111111111000000111111
00000000101111111000111111111111
00000000011111110111100101111010
00000111111110001000000111111110
00001001111001110000000100111010
00011111110100000000001111111010
00010111111100000000001011111010
00111111101000000000001011111110
00101111111000000000001011110100
00111111010000000000001111111100
01011111110000000000001011110100
01111111110000000000011111110100
01011100100000000000010111110100
11111111100000000000010111111100
10111110100000000000010111101000
10111101000000000000010111111000
10111001000000000000111111101000
10111101000000000000111111111000
10111001000000000000101110010000
10111001000000000001111111110000
10111001000000000001011110010000
10111101000000000001011111110000
10111001000000000110111101100000
10111111000000011101111010000000
11111101110001100011111110000000
01011110001110011111110100000000
01111111110001111111001000000000
00100111111111111110110000000000
00011011111111111001100000000000
