00000000000101111000000000000000
00000000001011101000000000000000
00000000001011101000000000000000
00000000001011001000000000000000
00000000001011010000000000000000
00000000010111010000000000000000
00000000010111010000000000000000
00000000010111010000000000000000
00000000010111010000000000000000
00000000010111010000000000000000
00000000010111010000000000000000
00000000010110000000000000000000
00000000010110100000000000000000
00000000010110100000000000000000
00000000000110100000000000000000
00000000000110100000000000000000
00000000000110100000000000000000
00000000000110100000000000000000
00000000010110100000000000000000
00000000010110000000000000000000
00000000010110000000000000000000
00000000010110000000000000000000
00000000010110000000000000000000
00000000010111010000000000000000
00000000010111010000000000000000
00000000010111010000000000000000
00000000010111010000000000000000
00000000001111010000000000000000
00000000001011010000000000000000
00000000001011010000000000000000
00000000001011101000000000000000
00000000000001100000000000000000
