00000000000000010111010000000000
00000000000000010111010000000000
00000000000000010111110000000000
00000000000000010110100000000000
00000000000000101111100000000000
00000000000000101110100000000000
00000000000000101111100000000000
00000000000000101101000000000000
00000000000000101101000000000000
00000000000000111101000000000000
00000000000001011101000000000000
00000000000001011101000000000000
00000000000001011010000000000000
00000000000001011010000000000000
00000000000001011010000000000000
00000000000001011010000000000000
00000000000000011010000000000000
00000000000000111010000000000000
00000000000010111010000000000000
00000000000010111100000000000000
00000000000010110100000000000000
00000000000010110100000000000000
00000000000010110100000000000000
00000000000010110100000000000000
00000000000010110100000000000000
00000000000010110100000000000000
00000000000010110100000000000000
00000000000010110100000000000000
00000000000010110100000000000000
00000000000010110100000000000000
00000000000010110100000000000000
00000000000010110100000000000000
