00000000000000000000000000000000
00000000000000111000000000000000
00000000000110111100000000000000
00000000000101110100000000000000
00000000000100110100000000000000
00000000000101110100000000000000
00000000000101110100000000000000
00000000000101110100000000000000
00000000000101111000000000000000
00000000000111101000000000000000
00000000001011101000000000000000
00000000001011101000000000000000
00000000001011010000000000000000
00000000001011010000000000000000
00000000001111010000000000000000
00000000010111010000000000000000
00000000010111010000000000000000
00000000010110000000000000000000
00000000010110100000000000000000
00000000010110100000000000000000
00000000010110100000000000000000
00000000010110100000000000000000
00000000101110100000000000000000
00000000101110100000000000000000
00000000101110100000000000000000
00000000101110100000000000000000
00000000000110100000000000000000
00000000010110100000000000000000
00000000010110100000000000000000
00000000010110100000000000000000
00000000010110100000000000000000
00000000010110100000000000000000
