00001111111111100010000000000000
00001011111111111001000000000000
00000001111111111110100000000000
00000010000000111111010000000000
00000001111111000111101000000000
00000000000000111011101000000000
00000000000000001111101000000000
00000000000000001011100000000000
00000000000000011111010000000000
00000000000000011111010000000000
00000000000000010111010000000000
00000000000000101110100000000000
00000000000000111111100000000000
00000000000001111101000000000000
00000000000001011111000000000000
00000000000011111111000000000000
00000000000010111010000000000000
00000000000101110100000000000000
00000000001111101000000000000000
00000000001011111000000000000000
00000000010111010000000000000000
00000000111110100000000000000000
00000001111111100000000000000000
00000001011101000000000000000000
00000010111010000000000000000000
00000101111110000000000000000000
00001011110100000000000011111100
00010111101000000111111000000000
00101111011111100000000011111101
01011110000000000011111111111111
10111111111111111111111111000000
11111111111111111111100000011100
