00000101111111111111110100000000
00001011111111111111111010000000
00001111111110000011111111000000
00000000000000111000011101000000
00000011111111000111101110100000
00000000000000000000111110100000
00000000000000000000101110100000
00000000000000000000101110100000
00000000000000000000101110100000
00000000000000000000111110100000
00000000000000000000101110100000
00000000000000000001011111100000
00000000000000000001011101000000
00000000000000000001011101000000
00000000000000000001011101000000
00000000000000000011111110000000
00000000000000000010111010000000
00000000000000000111111100000000
00000000000000000101110100000000
00000000000000001111101000000000
00000000000000011011111000000000
00000000000000010111010000000000
00000000000000101110100000000000
00000000000001111111100000000000
00000000000111011101000000000000
00000000000000111010000011111100
00000000011111111111111100000000
00000000010111111000000011111110
00000000101111100111111111111111
00000001011111111111111111111111
00000011111111111111100000000000
00000010111111100000001111111110
