00010111111111101000000000000000
00010111111111110100000000000000
00000011100001111010000000000000
00000000011110111010000000000000
00000011100001011010000000000000
00000000000001111010000000000000
00000000000001011010000000000000
00000000000001111010000000000000
00000000000010111010000000000000
00000000000010111010000000000000
00000000000010111010000000000000
00000000000011111010000000000000
00000000000010110100000000000000
00000000000101110100000000000000
00000000000111111000000000000000
00000000001111101000000000000000
00000000001011111000000000000000
00000000010111010000000000000000
00000000010111110000000000000000
00000000111110100000000000000000
00000000101111100000000000000000
00000001111101000000000000111000
00000001011101000000000011000000
00000011111010000000011100111010
00000010111110000001100011111010
00000101111100001110011111100000
00001111111111110001111110011000
00001011100000001111111001100000
00010111111111111111100110000000
00010111111111111110011000000000
00001011111111110001100000000000
00000000011000001110000000000000
