00000000010111111100100000000000
00000000001111111111010000000000
00000000000000000111101000000000
00000000000011111001110100000000
00000000000000000111110100000000
00000000000000000111110100000000
00000000000000000101101000000000
00000000000000001011101000000000
00000000000000011111110000000000
00000000000000110111010000000000
00000000000001001110100000000000
00000000000010111101111000000000
00000000000101111000000011000000
00000000001011111111111000100000
00000000001011111111111111010000
00000000000000001000001111111000
00000000000011000000001011101000
00000000000000000000001011101000
00000000000000000000011111110000
00000000000000000000010111010000
00000000000000000000111110100000
00000000000000000000101111100000
00000000000000000001011101000000
00000000000000000010111010000000
00000000000000000110111110000000
00000000000000001101110100000000
00000000000000001011101000000000
00000000000000010111010000000000
00000000000000101110100000000000
00000000000001011101000000000000
00000000000011111011000000000000
00000000000101110100000000000000
