00001111111100000011000000000000
00010111111111111000100000000000
00000100011111111111010000000000
00000011100000011111101000000000
00000000011111100011111100000000
00000000000000011101110100000000
00000000000000000111110100000000
00000000000000001011101000000000
00000000000000001011101000000000
00000000000000011011010000000000
00000000000000110111110000000000
00000000000000101110100000000000
00000000000001011101000000000000
00000000000010111111000000000000
00000000000101111110000000000000
00000000000101110111111111000000
00000000000101111100000000110000
00000000000011111111111111001000
00000000000000001111111111110100
00000000000001110000000011111010
00000000000000001111111110111010
00000000000000000000000010111010
00000000000000000000000111110100
00000000000000000000000101110100
00000000000000000000001011101000
00000000000000000000011111111000
00000000000000000000010111010000
00000000000000000000101110100000
00000000000000000001111111100000
00000000000000000001011101000000
00000000000000000011111010000000
00000000000000000010111110000000
