00000001111111111101000000000000
00000001011111111111100000000000
00000000000000001110100000000000
00000000011111111110100000000000
00000000000000101110100000000000
00000000000000111111100000000000
00000000000001011101000000000000
00000000000001111111000000000000
00000000000010111010000000000000
00000000000101110100000000000000
00000000001111101100000000000000
00000000001011111000000000000000
00000000010111001110000000000000
00000000011111110001110000000000
00000000001011111110001000000000
00000000000100011111110100000000
00000000000011100011111110000000
00000000000000011100111110000000
00000000000000000011111111000000
00000000000000000011111010000000
00000000000000000010111010000000
00000000000000000111111110000000
00000000000000000101110100000000
00000000000000001111111000000000
00000000000000001011101000000000
00000000000000011111010000000000
00000000000000010111110000000000
00000000000000101110100000000000
00000000000000101111100000000000
00000000000000101111100000000000
00000000000000101101000000000000
00000000000000101110100000000000
