00000011111111110000000000000000
00000101111111010000000000000000
00000111111000000110000000000000
00000101111111111000000000000000
00001111110101000110000000000000
00001011101010111110100000000000
00011111111111111101100000000000
00010111010101111010000000000000
00101110100101110100000000000000
01111111101011101000000000000000
01011101001011111000000000000000
10111110001111101000000000000011
11111010000011110000000000001100
01111100010111010000000001110011
01111100011111010000011110001111
01110111111110111111100001111110
11111000101111100000011111111001
10111111011100011111111111000100
01001111111111111111110000110000
00100011111111111000001111000000
00011100111000000111110000000000
00000101110111111000000000000000
00001111111100000000000000000000
00001111101000000000000000000000
00001011111000000000000000000000
00010111010000000000000000000000
00010111110000000000000000000000
00010111010000000000000000000000
00010111010000000000000000000000
00010111110000000000000000000000
00001011010000000000000000000000
00001111101000000000000000000000
