00010011100000000000000110000000
00101111010000000000011000000000
01111111110000000000100110100000
11111100100000000001011110100000
10111011000000000011111110100000
11111110000000000011111101000000
01111110000000000101111010000000
01110100000000000101111110000000
11110100000000000111110100000000
11110100000000001011111100000001
11110100000000001011110100000110
11111100000000001011101000111001
11110111000000001011111111000111
11111000111111111111100000111111
01111111000000000011111111111100
10111111111111111111111111110011
01000111111111111111111100001100
00110000000000000111000001110000
00001111111110111111111100000000
00000000000000010111010000000000
00000000000000010111010000000000
00000000000000010111010000000000
00000000000000111111010000000000
00000000000000101111010000000000
00000000000000101111100000000000
00000000000000101110100000000000
00000000000000101110100000000000
00000000000000101110100000000000
00000000000000101110100000000000
00000000000000101110100000000000
00000000000000011110100000000000
00000000000000010110100000000000
