11111010000000000000001100000000
11111110000000000000110000000000
11100000000000000001001111000000
11111000000000000010111111000000
11101000000000000111111111000000
11101000000000000101111010000000
11101000000000000111110100000000
11001000000000001011101000000000
11101000000000001011111000000111
11111000000000001011101000001000
11101100000000010111110001110011
11110011100000010111011110001111
11111100001111111111000001111100
10111111100000001110111111110011
01000111111111111111111111001100
00110001111111111111110000110000
00001110000001111100000111000000
00000001111110111011110000000000
00000000000111111110000000000000
00000000000101111100000000000000
00000000000011111000000000000000
00000000001011101000000000000000
00000000001011111000000000000000
00000000001111010000000000000000
00000000010111010000000000000000
00000000010111010000000000000000
00000000010111100000000000000000
00000000010111010000000000000000
00000000010111010000000000000000
00000000001111010000000000000000
00000000001011111000000000000000
00000000001111101000000000000000
