00000000000000000000000000000000
00000000000111101000000000000000
00000000001101101000000000000000
00000000011111110000000000000000
00000000010111011111111000000000
00000000101110100000000111110000
00000000101110011111111000001111
00000000101101111111111111110000
00000000101111111111111111111111
00000000101101000000000011111111
00000000101101111111111100000000
00000000111101000000000011111111
00000001011111000000000000000000
00000001111101100000000000000000
00000000101110010000000000000000
00000000010111101000000000000000
00000000001011110100000000000000
00000000000100111010000000000000
00000000000011011111000000000000
00000000000001111101000000000000
00000000000001011010000000000000
00000000000011111010000000000000
00000000000010111100000000000000
00000000000101110100000000000000
00000000001011101000000000000000
00000000010111010000000000000000
00000001101110100000000000000000
00000010011101000000000000000000
01101101111010000000000000000000
00010011110100000000000000000000
01101111001000000000000000000000
11111100110000000000000000000000
