00000001011111000000001111111100
00000010111101001111110000000011
00000111111011110000001111111100
00000101110100000111111111111111
00000101101011111111111111111111
00001011110111111110000000000000
00001011101111100000111111111111
00001011011100001111000000000000
00001011010011110000000000000000
00010111011100000000000000000000
00010111010000000000000000000000
00010111010000000000000000000000
00010111100000000000000000000000
00010110100000000000000000000000
00010111010000000000000000000000
00001111101100000000000000000000
00001011110011000000000000000000
00000101111100100000000000000000
00000010011111010000000000000000
00000001100111101000000000000000
00000000011001101000000000000000
00000000001111101000000000000000
00000000001011010000000000000000
00000000010111110000000000000000
00000000101110100000000000000000
00000001011101000000000000000000
00000010111010000000000000000000
00001101110110000000000000000000
00110011101100000000000000000000
00001111011000000000000000000000
11111110100000000000000000000000
11111001000000000000000000000000
