00000000001011110100000000000000
00000000010111111100000000000000
00000000101111101111110000000000
00000001011111000000001110000000
00000010111111111111110000111000
00000101111111111111111110000000
00000101111111011111111111111110
00000101111101000000001111111101
00000101111111111111110000000000
00000010011100000000001111111000
00000011111010000000000000000000
00000010111110000000000000000000
00000010111010000000000000000000
00000010111010000000000000000000
00000011111010000000000000000000
00000101111010000000000000000000
00000101111110000000000000000000
00000111111001100000000000000000
00000010111110011100000000000000
00000001011111100000000000000000
00000000100111111111000000000000
00000000011011111110100000000000
00000000000100011110100000000000
00000000000011111111100000000000
00000000000111111101000000000000
00000000001011111010000000000000
00000000110111100100000000000000
00110001001111011000000000000000
00001110111110110000000000000000
10110001111101000000000000000000
10111111110010000000000000000000
11111111101100000000000000000000
