00000000000000000001011111111010
00000000000000000010111111111010
00000000000000000111111111000000
00000000000000001011111100110000
00000000000000011111111011000000
00000000000000111111101100000000
00000000000000101111111000000000
00000000000001011110110000000000
00000000000010111111100000000000
00000000000101111011000000000000
00000000001011111110000000000000
00000000010111111100000000000000
00000000101111101000000000000000
00000001011111010000000000000000
00000011111110100000000000000000
00000010111101000000000000000000
00000101111010000000000000000000
00001011111110000111111111000000
00011111111100111000000000110000
00011111101011000111111111000000
00101111111100111111111111110100
00111111010011111111111111111110
01011111011111110000000001111010
01011111111110001111111111111010
11111110111001110000010111111100
10111110100110000000101111101000
10111110101000000010011111011000
10111110100000011101111110100000
10111111111111100011111101000000
10111110000000011111110010000000
01111111111111111111001100000000
00101111111111111100110000000000
