00000101111010000000000000000000
00001011111110000000000000000000
00011111110100000000000000000000
00011111101000000000000000000000
00101111011000000000000000000000
00111111110000000000000000000000
00101111110000000000000000000000
01011110100000000000000000000000
01011111100000000000000000000000
01011110100000000000000000000000
01111111000000000000000000000000
10111101000000000000000000000000
10111101000000000000000000000000
11111100000000000000000000000000
01111010000000000000000000000000
01111010000000111100000000000000
01111110011111000011110000000000
11110111100000111000001100000000
01111100011111111111110000000000
11110011111111111111111111000000
11111111111111000011111110100000
11111111110000111000111110100000
11111110001111000111011110100000
11111001110000000011111111100000
11110110000000000010111101000000
11111100000000001101111010000000
11111110000000011011110100000000
01111010000001101111101100000000
10111101111110011111011000000000
11111110000001111111101000000000
01011111111111111101101000000000
00101111111111110010000000000000
