00000000000101111110000000000000
00000000001111111111000000000000
00000000001011111010000000000000
00000000001011110100000000000000
00000000001011111100000000000000
00000000001111100000000000000000
00000000011111111000000000000000
00000000010111101000000000000000
00000000111111111000000000000000
00000000101111010000000000000000
00000000101111010000000000000000
00000001111111110000000000000000
00000001011110100000000000000000
00000001111111100000000000000000
00000010111101000000000000000000
00000010111111000000000000000000
00000111111010000000000000000000
00000101111110000000000000000000
00001111110100000000000000000000
00001011111111111111111111000000
00001011111100000000000000111000
00001111110011111111111111000000
00011011111111111111111111111110
00101111111111111111111111111010
01111111110000000000000001111010
01011111101111111111111111111010
00000111111000000000011011110100
00011111111000000001100111101100
00010111111110011110011111111000
00001111110000000001111110110000
00001111111110011111111001000000
00000101111111111111100010000000
