00001011111111100010000000000000
00001011111111111101000000000000
00000001111111111110100000000000
00000010000001111111010000000000
00000001111110001111110000000000
00000000000001110011101000000000
00000000000000001011101000000000
00000000000000001111101000000000
00000000000000001011100000000000
00000000000000011111010000000000
00000000000000010111010000000000
00000000000000010111010000000000
00000000000000011111100000000000
00000000000000101110100000000000
00000000000000111111100000000000
00000000000001011101000000000000
00000000000001111111000000000000
00000000000001011101000000000000
00000000000010111010000000000000
00000000000111111110000000000000
00000000000101110100000000000000
00000000001111101000000000000000
00000000001011111000000000000000
00000000010111010000000000000000
00000000111110100000000000000000
00000000101110100000000000000000
00000001011111000000000000000000
00000011111101000000000000000000
00000010111010000000000000000000
00000101111110000000000000000000
00001011110100000000000000000000
00011111101000000000000000000000
