00111111111111111111111110100000
00010111111111111111111111010000
00000000000000000000011111101000
00000111110001111111100111111000
00000000000000000000011011110100
00000000000000000000001011110100
00000000000000000000011111110100
00000000000000000000010111111000
00000000000000000000011111101000
00000000000000000000010111101000
00000000000000000000101111111000
00000000000000000000111111010000
00000000000000000000101111110000
00000000000000000001111110000000
00000000000000000001011111100000
00000000000000000001011110100000
00000000000000000011111110100000
00000000000000000010111111000000
00000000000000000010111101000000
00000000000000000011111101000000
00000000000000000101111111000000
00000000000000000101111010000000
00000000000000000101111010000000
00000000000000000101111010000000
00000000000000000101111010000000
00000000000000000101111110000000
00000000000000000101110100000000
00000000000000000101111100000000
00000000000000000101110100000000
00000000000000000101111110000000
00000000000000000011111010000000
00000000000000000011110100000000
