00000000111111111111111111010000
00011111111111111111111111101000
00010111110000000000000111110100
00000110000111111111111001110100
00000001111000000000000111110100
00000010000000000000000101110100
00000000000000000000000111110100
00000000000000000000001011110100
00000000000000000000001111110100
00000000000000000000001011111100
00000000000000000000010111101000
00000000000000000000010111111000
00000000000000000000101111010000
00000000000000000001111111100000
00000000000000000001011110100000
00000000000000000010111101000000
00000000000000000111111111000000
00000000000000000101111010000000
00000000000000001011110100000000
00000000000000011111111100000000
00000000000000010111101000000000
00000000000000101111010000000000
00000000000001111110100000000000
00000000000001011110100000000000
00000000000011111111100000000000
00000000000010111101000000000000
00000000000010111010000000000000
00000000000011111110000000000000
00000000000111111110000000000000
00000000000010111010000000000000
00000000000011111101000000000000
00000000000001011111100000000000
