00010111111111101000000000000000
00010111111111110100000000000000
00010111111111111110000000000000
00001011100001111010000000000000
00000000011110111010000000000000
00000011100011111001000000000000
00000000000001011001000000000000
00000000000001011001000000000000
00000000000001011001000000000000
00000000000001011001000000000000
00000000000001011001000000000000
00000000000010011011000000000000
00000000000010111010000000000000
00000000000010011010000000000000
00000000000010111010000000000000
00000000000010111010000000000000
00000000000011111010000000000000
00000000000010110100000000000000
00000000000111110100000000000000
00000000000101110100000000000000
00000000000101110100000000000000
00000000001011101000000000000000
00000000001111111000000000000000
00000000001011101000000000000000
00000000010111010000000000000000
00000000010111110000000000000000
00000000010111110000000000000000
00000000101110100000000000000000
00000000111111100000000000000000
00000000101110100000000000000000
00000001011101000000000000000000
00000001011111000000000000000000
