00000111111100000111111111111111
11111000000011111111111111111111
11111111111111111111000000000011
10111111111111100000111111111111
01000000000000011111000000010111
00111111111111100000000000010111
00000000000000000000000000011111
00000000000000000000000000010111
00000000000000000000000000101111
00000000000000000000000000111111
00000000000000000000000001111110
00000000000000000000000001011111
00000000000000000000000001111101
00000000000000000000000010111111
00000000000000000000000011111010
00000000000000000000000101111110
00000000000000000000001111110100
00000000000000000000001011111100
00000000000000000000011111101000
00000000000000000000010111111000
00000000000000000000101111010000
00000000000000000000111111110000
00000000000000000001111110100000
00000000000000000001011111100000
00000000000000000011111101000000
00000000000000000011111010000000
00000000000000000101111110000000
00000000000000000101110100000000
00000000000000000111111100000000
00000000000000001011101000000000
00000000000000001011101000000000
00000000000000001011111000000000
