00000101111111111111110100000000
00001011111111111111111010000000
00001111111111000111111101000000
00000101100000111000011111000000
00000010011111000111101110100000
00000001100000000000111110100000
00000000000000000000101110100000
00000000000000000000101110100000
00000000000000000000101110100000
00000000000000000000101110100000
00000000000000000000101110100000
00000000000000000000101110100000
00000000000000000000101110100000
00000000000000000001111110100000
00000000000000000001011110100000
00000000000000000001001111000000
00000000000000000001011101000000
00000000000000000001111101000000
00000000000000000001011101000000
00000000000000000011111110000000
00000000000000000010111010000000
00000000000000000111111110000000
00000000000000000111110100000000
00000000000000000101111100000000
00000000000000001011101000000000
00000000000000011111111000000000
00000000000000010111010000000000
00000000000000111110100000000000
00000000000000101111100000000000
00000000000001011101000000000000
00000000000011111101000000000000
00000000000011111010000000000000
