00000000000000001101111111110000
00000000000000010011111111010000
00000000000000101111110111010000
00000000000001011111001111010000
00000000000010111110110111010000
00000000000101111111011111010000
00000000001111110110101111100000
00000000001111111100111110100000
00000000011111101001011110100000
00000000010111111001111110100000
00000000101111010001011101000000
00000000101111010010111101000000
00000000101111010010111010000000
00000000111111010011111010000000
00000000010111101101111010000000
00000000010111111101111010000000
00000000011111101111111110000000
00000000001011111011111111000000
00000000001111111111111110000000
00000000000111111111100000000000
00000000000101111110011000000000
00000000011011111111100000000000
00000000110111111110100000000000
00000001111111101111110000000000
00000011111110110111110000000000
00000010111101111111101000000000
00000101111010001011111100000000
00000101111110000111110100000000
00000101111011100111110100000000
00000111111100011101110100000000
00000010111111100011110100000000
00000001011111111111111100000000
