00000000000010011111110010000000
00000000000101111111111101000000
00000000011011111111111111100000
00000000010111111100111110100000
00000000111111100011001111010000
00000001011111011100111111010000
00000011111110100000010111101000
00000010111101000000011111101000
00000010111101000000111111111000
00000010111101111111101111110000
00000010111111000000111111000000
00000010111100011111111111111100
00000010111111111111111111111100
00000010111111111111111111101000
00000011111111111000011110000000
00000001011111000111101001100000
00000011111111110000010110000000
00000010111111111000001000000000
00000101111111101000000000000000
00000101111111110100000000000000
00001011111011111100000000000000
00001011110101111010000000000000
00001011110101111101000000000000
00001011110110111111100000000000
00001011110101011110100000000000
00001011110101111111110000000000
00001011111100101111010000000000
00001011110100101111010000000000
00001011111111011111110000000000
00001011111000111110100000000000
00000101111111111101000000000000
00000111111111111010000000000000
