00000000011001111111111111100000
00000001100111111111111111110000
00000010011111111111111111010000
00000101111111100000011111010000
00001011111110111111111111010000
00010111111101000011111110100000
00101111110110000010111110100000
01111111101000000101111111110000
01011111110000001011111111000000
01011111011000110111111000111000
01111111100111001111111111111010
00111111111000111111111111111100
00010111111111111111111111000000
00001001111111111111111000110000
00000110011111111111000111000000
00000011111111111111001100000000
00000010111111111111110011000000
00000101111111111111111100100000
00001011111100000011111111010000
00011111111011111100111111101000
00010111110100000011001111110100
00010111111100000000110111111010
00010111111000000000001111111111
00010111110100000000000101111101
00010111111100000000000010111111
00010111110100000000000011111111
00001111111010000000000010111101
00001011111101111000000111111101
00000101111110000111111001111101
00000010111111110000000111111010
00000001001111111111111111110110
00000000100111111111111111101000
