00000000000011011111111000000000
00000000000100111111110100000000
00000000001011111001110100000000
00000000010111100111110100000000
00000000111111011101110100000000
00000000101110100111110100000000
00000001011111100101111000000000
00000001011101101011101000000000
00000001011111010111110000000000
00000000111111101111010000000000
00000000000111111110100000000000
00000000001001111101000000000000
00000000000101111011000000000000
00000000011011111110000000000000
00000000100111111010000000000000
00000001011110111010000000000000
00000110111100111010000000000000
00001001111011111000000000000000
00000111110110110100000000000000
00111111101000110100000000000000
01011110010000110100000000000000
00011001100101110100000000000000
00000110000101110100000000000000
00011000000101110100000000000000
00000000000101110100000000000000
00000000000101110100000000000000
00000000000101110100000000000000
00000000000101110100000000000000
00000000000101110100000000000000
00000000000101110100000000000000
00000000000101110100000000000000
00000000000101111100000000000000
