00000000000110000000000000000000
00000000001001111111101000000000
00000000110111111111111100000000
00000000101111000001110100000000
00000001111100111110110100000000
00000010111010000011111010000000
00000010111111101110111100000000
00000000011111101101110100000000
00000000000011111011111000000000
00000000011111101111011000000000
00000000000111111110110000000000
00000000110001111101000000000000
00000011000111111010000000000000
00000000111111111100000000000000
00001111111100111010000000000000
00001011110011111010000000000000
00000000001110111010000000000000
00000011110010111010000000000000
00000000000010111010000000000000
00000000000010111010000000000000
00000000000010111010000000000000
00000000000010111010000000000000
00000000000010111010000000000000
00000000000010111010000000000000
00000000000010111010000000000000
00000000000010111010000000000000
00000000000010111010000000000000
00000000000101111010000000000000
00000000000101111000000000000000
00000000000101111010000000000000
00000000000101111100000000000000
00000000000101111100000000000000
