00000000000100011111110010000000
00000000001011111111111111000000
00000000010111111001111111000000
00000000101111100110011110100000
00000001111111011001111111100000
00000011011110100001011111010000
00000010111101000001111111010000
00000101111010000001011111010000
00000101111110000110011111010000
00000101111110011001111111010000
00000101111011100111111111010000
00000101111100011111111110000000
00000011111111111111011111100000
00000001011111111001111110100000
00000000100000000111011110100000
00000000011101111001011110100000
00000000000000000010111101000000
00000000000000000010111111000000
00000000000000000111111101000000
00000000000000000101111101000000
00000000000000000101111110000000
00000000000000000101111010000000
00000000000000000111111010000000
00000000000000000111111010000000
00000000000000000101111010000000
00000000000000000101111010000000
00000000000000000111111010000000
00000000000000000111111010000000
00000000000000001011111010000000
00000000000000001011111010000000
00000000000000001111111010000000
00000000000000000101110100000000
