00000000000010001111100100000000
00000000000101111111111010000000
00000000001011111111111111000000
00000000011111110000011101000000
00000000010111001111111101000000
00000000111111110001011110100000
00000000101111100001111110100000
00000001111110100001111111010000
00000001011111000001111111100000
00000001011101000001011110100000
00000010111111000110111111000000
00000010111111111001111101000000
00000001111100000111111111000000
00000001011111111111111010000000
00000000111111111110111010000000
00000000000011110001111010000000
00000000001000000111110100000000
00000000000111111101111100000000
00000000000000001111110100000000
00000000000000001011101000000000
00000000000000010111101000000000
00000000000000010111110000000000
00000000000000010111010000000000
00000000000000101111010000000000
00000000000000101110100000000000
00000000000000101110100000000000
00000000000000111110100000000000
00000000000001011110100000000000
00000000000001011111000000000000
00000000000001011101000000000000
00000000000010111101000000000000
00000000000000111100000000000000
