00000000000011001111110100000000
00000000000100111111111010000000
00000000001011111100111110000000
00000000010111110011011101000000
00000000101111001001111101000000
00000001111110110001111101000000
00000001011101110011011101000000
00000001011101001110111110000000
00000001011111110001111010000000
00000001111111111111110100000000
00000000000111111111101000000000
00000000011000111111010000000000
00000000011001111100100000000000
00000000000111111011000000000000
00000001011111111110000000000000
00000011111110111010000000000000
00000000110011111010000000000000
00000000001110111010000000000000
00000000010111111010000000000000
00000000000101111010000000000000
00000000000101110100000000000000
00000000000101110100000000000000
00000000000101110100000000000000
00000000001111110100000000000000
00000000001111111000000000000000
00000000001011101000000000000000
00000000010111101000000000000000
00000000011111010000000000000000
00000000101111110000000000000000
00000000101110100000000000000000
00000001011110100000000000000000
00000000111110100000000000000000
