00000000001001111110100000000000
00000000010111111111110000000000
00000000101111111111010000000000
00000001111111010111101000000000
00000001011110101011101000000000
00000011111101001111101000000000
00000010111010001111111000000000
00000101111110001011110100000000
00000101111010010111111000000000
00000101111110111111101000000000
00000101111011001111010000000000
00000011111100111111101000000000
00000010111111111111010000000000
00000001011111111111010000000000
00000000100000001111010000000000
00000000011111111111010000000000
00000000000000101111010000000000
00000000000000111111110000000000
00000000000001011111100000000000
00000000000001011110100000000000
00000000000001011110100000000000
00000000000001011111000000000000
00000000000000111101000000000000
00000000000010111111100000000000
00000000000010111101000000000000
00000000000010111101000000000000
00000000000010111000000000000000
00000000000111111110000000000000
00000000000101111110000000000000
00000000000101111010000000000000
00000000000101111010000000000000
00000000000101111110000000000000
