00000000010111111111100000000000
00000000101111111111110000000000
00000001011111001111010000000000
00000011111110110111101000000000
00000010111101011111101000000000
00000101111010001111101000000000
00001111111110001011101000000000
00001011110100001111111000000000
00001011111111111111101000000000
00001011100000000111101000000000
00001011111111111111010000000000
00000101111111111111110000000000
00000010111111111111010000000000
00000001000000001111000000000000
00000000111111110111010000000000
00000000000000011111100000000000
00000000000000010111101000000000
00000000000000010111101000000000
00000000000000010111101000000000
00000000000000010111101000000000
00000000000000010111010000000000
00000000000000010111010000000000
00000000000000010111110000000000
00000000000000010111010000000000
00000000000000010111010000000000
00000000000000010111110000000000
00000000000000010111010000000000
00000000000000010111010000000000
00000000000000001111010000000000
00000000000000101111010000000000
00000000000000101111010000000000
00000000000000101111100000000000
