00000000001100000001100000000000
00000000010011111110010000000000
00000000101111111111101000000000
00000011011111111111111100000000
00000110111110000011110100000000
00001111111101111111110100000000
00001011110110001011110100000000
00011111101100001011110100000000
00010111111000001111111110000000
00101111010000010011111110000000
00101111110001101111110100000000
00101111111110011111110100000000
00101110000001111111110100000000
00101111111111111111110000000000
00111111111111110011100000000000
00010111111111001111101000000000
00001000000000111011101000000000
00000111111111010111101000000000
00000000000000010111101000000000
00000000000000010111101000000000
00000000000000011111101000000000
00000000000000010111110000000000
00000000000000101111010000000000
00000000000000101111010000000000
00000000000000101111100000000000
00000000000001101110100000000000
00000000000001011110100000000000
00000000000001011110100000000000
00000000000001011110100000000000
00000000000010111111000000000000
00000000000010111101000000000000
00000000000000111000000000000000
