00000000000011011111001000000000
00000000000110111111111100000000
00000000001111111001110100000000
00000000001011110110111010000000
00000000010111011011111111000000
00000000111111010010111101000000
00000000101110100111111010000000
00000001011111100111111010000000
00000001011101001101111110000000
00000010111111110011111111000000
00000010111110001111111010000000
00000010111001111111111010000000
00000010111111111100111010000000
00000001011111110011111010000000
00000000100000001111111010000000
00000000011111110101111010000000
00000000000000000101111010000000
00000000000000000101111010000000
00000000000000000101111010000000
00000000000000000101111100000000
00000000000000000101110100000000
00000000000000000101110100000000
00000000000000000011110100000000
00000000000000001011110100000000
00000000000000001011110100000000
00000000000000001011110100000000
00000000000000001011110100000000
00000000000000001011100000000000
00000000000000001011100000000000
00000000000000001011101000000000
00000000000000001011101000000000
00000000000000000000000000000000
