00000000000010001111101000000000
00000000000101111111111100000000
00000000001011111011110100000000
00000000010111100111110100000000
00000000111111011011110100000000
00000000101111111111110100000000
00000000111111111011110100000000
00000000111111000111111000000000
00000000101111111111101000000000
00000000010111111111111000000000
00000000001000111111101000000000
00000000000111000111101000000000
00000000000000111111101000000000
00000000000000010111101000000000
00000000000000010111101000000000
00000000000000010111100000000000
00000000000000101111110000000000
00000000000000101111010000000000
00000000000000101111010000000000
00000000000000101111010000000000
00000000000000101111010000000000
00000000000000101111010000000000
00000000000000111111010000000000
00000000000000101111100000000000
00000000000001011111100000000000
00000000000001011111100000000000
00000000000001011110100000000000
00000000000001011110100000000000
00000000000001011110100000000000
00000000000001011110100000000000
00000000000001011110100000000000
00000000000001011111100000000000
