00000000000100111111111010000000
00000000001011111111111111000000
00000000011111111001111101100000
00000000110111100110111111010000
00000000101111111001111111111000
00000000001111101111111111101000
00000000101111111111111111010000
00000000110111111111101111110000
00000000001000100000011110100000
00000000000111001111111111100000
00000000000000110010111101000000
00000000000000000111111111000000
00000000000000000101111010000000
00000000000000001011110100000000
00000000000000011111111100000000
00000000000000010111101000000000
00000000000000101111010000000000
00000000000001111111110000000000
00000000000001011110100000000000
00000000000010111101000000000000
00000000000111111111000000000000
00000000001111111010000000000000
00000000001011111100000000000000
00000000011111111100000000000000
00000000010111101000000000000000
00000000111111111000000000000000
00000000101111010000000000000000
00000000011111110000000000000000
00000001011110100000000000000000
00000001011111100000000000000000
00000001011110100000000000000000
00000001011111100000000000000000
