00000000101111111111100000000000
00000001011111111110100000000000
00000010111100000110100000000000
00000101111011011111100100000000
00001111110100101110000000000000
00001011111001111111111111000000
00001011111110001111111110100000
00001011100001111110001110100000
00001011111111111000111110100000
00001111111111100110101110100000
00000000011000011001011101000000
00000011000011100001011101000000
00000000111000000001011101000000
00000000000000000010111010000000
00000000000000000010111010000000
00000000000000000111111110000000
00000000000000000101110100000000
00000000000000000111111100000000
00000000000000001011101000000000
00000000000000001011101000000000
00000000000000001111010000000000
00000000000000011111110000000000
00000000000000010111110000000000
00000000000000101110100000000000
00000000000000111111100000000000
00000000000000101111000000000000
00000000000001011101000000000000
00000000000001011101000000000000
00000000000001011010000000000000
00000000000001011110000000000000
00000000000001011010000000000000
00000000000001011010000000000000
