00000001011111110110000011110110
00000010111111111000011100001000
00000111111101111111100011111110
00000111111010111110011111111111
00001011111111000001111111111101
00001011111000001111111001111010
00001011111111111111000011110100
00000111111111111100010111111100
00000000011111000011101111101000
00000001100000011101111111010000
00000000011111000001011110100000
00000000000000000010111101100000
00000000000000000101111111000000
00000000000000001111111010000000
00000000000000001011111100000000
00000000000000010111100000000000
00000000000000111111111000000000
00000000000000101111010000000000
00000000000001011111110000000000
00000000000001111110100000000000
00000000000010111111100000000000
00000000000111111111000000000000
00000000000101111010000000000000
00000000001111111110000000000000
00000000001011110100000000000000
00000000011111111100000000000000
00000000010111101000000000000000
00000000101111010000000000000000
00000000111111110000000000000000
00000000101110100000000000000000
00000001011101000000000000000000
00000001011111000000000000000000
